300
4.7401544216193914
-2.5619117645661902
4.7053493814461564
-2.5045985691341830
4.7466128740559723
-2.4671479952776485
4.7193818769837748
-2.4374997983023126
4.7731980069619651
-2.4128173256098249
4.7787459115802049
-2.3918494394934782
4.8506760161482987
-2.3719625538429687
4.8954541751197160
-2.3534898988793982
4.8948695333869052
-2.3368896009864448
4.9209108892284252
-2.3208452660554562
4.9664280875034033
-2.3051395812384814
5.1063507857848753
-2.2899736062035569
5.1890936892004218
-2.2751443452300601
5.2221643491863876
-2.2615050233289224
5.3411336489169576
-2.2471740302635279
5.3158200681890513
-2.2336425776511275
5.4070715823397455
-2.2204932376191557
5.4640161598381978
-2.2075932177965139
5.4596241125722038
-2.1947612068426881
5.6394018554653176
-2.1818431402561740
5.5806907492816249
-2.1694554021658754
5.6965423145863276
-2.1568748751109488
5.6902702252084429
-2.1447880594853039
5.8807203560330334
-2.1324937912911657
5.9484562938432646
-2.1199687422943501
6.0131593116198836
-2.1080691652474446
6.0885611320247151
-2.0961075425090665
6.0888000646100515
-2.0839249005549942
6.1927213138095025
-2.0717698371272664
6.2463114563850821
-2.0593628348108486
6.2522326681241394
-2.0474278001693591
6.4975319800747888
-2.0352686177885757
6.5356375738338102
-2.0234004433217589
6.4986055145193520
-2.0113629933566699
6.5867940964182887
-1.9996329703416020
6.6475424526122779
-1.9875954793490516
6.7350825353619959
-1.9758219381109137
6.7528998115846388
-1.9632523813215637
6.9005111794142895
-1.9506020153952768
7.0789578983328889
-1.9384643889639543
7.1007488862095336
-1.9266933196653777
7.2310917787840303
-1.9144714828601981
7.2632317402523494
-1.9023563350452806
7.3341619387932937
-1.8898096165299922
7.4633609764618347
-1.8771559680938421
7.6151802274199323
-1.8640593479746399
7.7338379309486802
-1.8512995506909360
8.0020174447531645
-1.8377587566418359
8.0072185444514545
-1.8247796384713084
8.2784144544163762
-1.8110847649648689
8.2200721306617037
-1.7979880930200989
8.4584857447104387
-1.7842601108929488
8.5384656977158482
-1.7704942696548820
8.6378230494818755
-1.7568937267583253
8.9495298890010506
-1.7429089671530427
8.9332212623141682
-1.7289026156719276
9.3280447247392235
-1.7144308803571593
9.2202254969574238
-1.7005829586193677
9.5105296083971584
-1.6862583002104199
9.6406984559325846
-1.6720835624836878
9.7920078840120439
-1.6580294746183446
9.8954719297427793
-1.6437759567979044
10.0982194792213775
-1.6285130503140226
10.4362299257240352
-1.6139123694749988
10.5846593182270556
-1.5996212571906441
10.7445064888133093
-1.5847220064193015
11.0038494441243753
-1.5691635889244027
11.0228083133879782
-1.5540527437761584
11.2616692901809952
-1.5387788232295321
11.3763493889176726
-1.5233189672690579
11.6801894942976592
-1.5080523773072076
11.9454182646163076
-1.4927515067529360
12.0792676310586504
-1.4768828004628178
12.0762213505850315
-1.4612793418058181
12.4833222407710416
-1.4452757362986066
12.6615543997237747
-1.4294832749700577
12.7313025694389523
-1.4130274943535184
12.8424961031235068
-1.3971460183915485
13.0386022196140843
-1.3805828567086176
13.3929121684266867
-1.3636122818065359
13.5984885378922886
-1.3471252797689859
13.6756923401835060
-1.3301563912730916
13.7759975392138667
-1.3134159113436668
14.0496952466651877
-1.2964401361757092
14.3054511572645247
-1.2793253195954422
14.4657177974440589
-1.2622093101853615
14.8060869565890023
-1.2449237292082695
15.2611064402086090
-1.2280165115967212
15.3160571632076206
-1.2106477146904993
15.5994568753580172
-1.1929929631577028
15.6349542665035948
-1.1751279481504604
16.0880121644663383
-1.1574023762707562
16.2608974536127135
-1.1400792053976656
16.2820739202719871
-1.1219980872174606
16.4105081602442127
-1.1042257563586950
16.9964841924724404
-1.0856540071010299
17.0666795626579315
-1.0681846938490029
17.4291028700500306
-1.0500540020734348
17.2721378437209765
-1.0311243733646922
17.7375939170123829
-1.0125269306746885
18.1130670654553043
-0.9940403838879611
18.4358525726682210
-0.9758406091638181
18.4932205707791653
-0.9569267339353036
18.7625505683851799
-0.9379673565932056
18.4642770806100280
-0.9185882598417300
19.2870095178508194
-0.8990974185715760
19.7218562870497216
-0.8806684238051907
19.5603057798172451
-0.8613614782248896
20.1391960314711156
-0.8421585658923941
20.4824556940455409
-0.8227309480010772
20.2615065272305159
-0.8033410513452121
20.7019804028683012
-0.7836209609278212
21.2122928418619985
-0.7642276559976402
21.3306846509863099
-0.7444564257359877
21.6492976570374722
-0.7245661203238392
21.7116078433308921
-0.7042813059078281
21.9615246535787172
-0.6844565551902728
22.5936554798571549
-0.6647630419299912
22.3858351038100665
-0.6448754988277076
23.1880060797626975
-0.6252405817884903
23.1602291328876397
-0.6049733073738814
23.2629484277787277
-0.5847484984984124
23.5769338443213208
-0.5647538892746768
23.9990834666708999
-0.5446807130198181
24.6418824290108951
-0.5243322300716527
24.6064326036193641
-0.5035975192295103
25.0195870386874333
-0.4832399552023656
25.0833617227819481
-0.4630959478433936
25.3115499700858528
-0.4428875996166103
25.3230925529529429
-0.4223151165838138
26.1273083708833624
-0.4026226282359808
25.8800891928588364
-0.3816384358341270
25.8344976173356997
-0.3611088202609820
26.4100390938177263
-0.3404121743370661
26.4758338615734274
-0.3196743994310456
27.1875193307423793
-0.2994177540704694
26.8867068361297186
-0.2786016061613499
27.2835366597943967
-0.2580950027378491
27.4902092391580126
-0.2376100064448136
27.6739606412923180
-0.2167857219673385
27.8158853520147176
-0.1965015400680457
28.0447513495432119
-0.1755994403168907
28.4518219230464915
-0.1551349641139078
27.7923903636728937
-0.1345492579165791
27.8182895734885420
-0.1144282163321530
28.8777694503803524
-0.0937437066585036
27.6526075230872550
-0.0728162996073874
28.4536415988508402
-0.0516750383614249
28.4072403082657736
-0.0313104102640694
28.5702646591444562
-0.0106426944043000
28.2596530487132789
0.0097854431322119
28.3854856202491952
0.0305336946768848
27.6303687847981294
0.0515562229404418
27.7554822631352600
0.0723038890815601
28.3381597541477213
0.0926983758487291
27.9771775770032107
0.1140513586713712
28.5612421026583476
0.1349913866443379
27.8383900525886148
0.1552378152098993
27.9161942661400566
0.1759560913095498
27.0855078161438847
0.1970824595538095
27.5279215438602378
0.2173377583288916
27.4866353983428304
0.2383139505938123
27.5763114253915198
0.2587603211422270
26.8528299909629773
0.2792513574548044
26.8200520774954363
0.2996542648483712
27.0677784585649697
0.3200987182091822
26.3973048081734056
0.3414139750133392
26.3743684746012406
0.3612304397882579
25.9708011745574439
0.3814881232339047
26.2202076284003240
0.4020030279398191
25.4590381141006183
0.4228711832913623
25.3341502246695711
0.4433197938766200
25.3266788488342875
0.4641936930942650
24.6119956570669949
0.4843590898704287
24.4889906280566763
0.5046243408405763
24.3890306447801599
0.5242964444872266
23.8477868307391816
0.5437237389509405
23.9865895134215670
0.5637800266767364
23.7971871005294346
0.5842663685592726
23.2954405058887311
0.6049787636282812
22.9100740448985079
0.6249164508119814
22.8879301155504962
0.6447030139536679
22.3060597199670099
0.6652180088308655
22.0366029042995244
0.6843719227881162
21.5493159157049092
0.7041131007561207
21.3180177478195532
0.7241234333154385
21.1137680663603184
0.7434131641781651
20.8859613889083455
0.7629152115713318
20.9780239662709249
0.7826500015094799
20.2172520067000399
0.8027239815452599
19.8545000454058460
0.8223348561799877
20.0434118976357993
0.8414998101536351
19.7321229042848927
0.8611153893365351
19.4003409262733157
0.8814364316837401
19.0093479080334724
0.9003084129021892
18.9154423447411233
0.9195354162142639
18.5278441337691753
0.9387655805764847
18.5286546676911250
0.9577607416265121
18.2713335715581735
0.9763064529046903
17.9093643697691398
0.9950607783584183
17.9299737798871739
1.0134010871909995
17.3439058100747125
1.0324279569756638
17.3444436147354146
1.0504863647911458
17.1279985920473941
1.0691158316239624
17.0223971049210654
1.0867719449699451
16.4288236965827608
1.1046827399627839
16.4146615673036607
1.1231165792003497
15.8999684382618138
1.1408373363612059
15.8476702716908679
1.1587268396106372
15.5605878893958582
1.1762032124195001
15.5057278842355490
1.1935909625119412
15.0998341954970972
1.2103443611121116
14.8036428113328480
1.2283878289143713
14.7111007296563567
1.2450947749322556
14.7023443674145788
1.2622491976289782
14.2580129024530162
1.2792785686427015
14.3801675357815615
1.2962284708620131
14.0055589842256900
1.3131918509528129
13.8735510063068741
1.3298839038040233
13.3384112313502143
1.3471975846661364
13.3778119236525441
1.3638309770287631
13.1341010740629685
1.3801052756721397
13.0234973777883702
1.3958460289609236
12.8126598651546910
1.4123159429735523
12.3678580895023522
1.4284513658729807
12.2933157402450064
1.4442258018910858
11.9872643091014730
1.4601528479814614
11.7861997081011207
1.4763803207096509
11.5704344833129102
1.4928531749055012
11.5128496113557919
1.5086224359258935
11.2225224315791721
1.5243757828786135
11.2424665907050851
1.5394175122714560
10.9129287502401500
1.5546245404348413
10.8975756335251255
1.5701316259982332
10.5378748713165944
1.5859051219173002
10.3590878598374303
1.6007446780816841
10.1155935875372869
1.6155603369745599
10.0992297478344035
1.6301280889607401
10.1265709500718391
1.6449405189669937
9.9488946668338212
1.6594528435600939
9.8028469451158884
1.6740587525739596
9.6249412765985038
1.6884815735380923
9.3548313698560470
1.7025599351460570
9.2789642926881122
1.7162734563719659
9.0320357545946539
1.7301501202286360
8.8413811227746031
1.7444213177421457
8.7094164977432307
1.7578339172162289
8.7216406379030911
1.7711773011688530
8.3009344816512183
1.7847204008008806
8.2696272540831917
1.7981057301776375
8.1793074293198078
1.8114428855183509
7.9977333569218629
1.8244888806118305
8.0246480889430636
1.8374401957791464
7.6929123028402113
1.8507736466434288
7.6423552832042718
1.8640259189896471
7.5590029119975357
1.8766099536936682
7.5559750854980132
1.8894066105797802
7.2148077919134490
1.9021604030916197
7.2000234586204463
1.9144606404752718
7.0880006527730046
1.9267021021912287
7.1201469301940508
1.9389240330808757
6.9384037128270339
1.9515063478790684
6.9384842434671343
1.9636359193025197
6.8383989528097571
1.9761148088652214
6.6656083359057519
1.9882691742039722
6.5905334572682523
2.0002789897196651
6.5985520409270091
2.0122081630543338
6.4507928991364789
2.0240538051957127
6.4145042916917943
2.0358330286599808
6.4002849914838063
2.0481252688377070
6.2623541791971142
2.0598848369488483
6.1427273216565084
2.0716759398432352
6.0959960428857780
2.0838092507328421
6.0051535085863597
2.0958650748514223
6.0267252263998161
2.1078592227289565
5.8492834749698135
2.1200602712147627
5.9097612509191420
2.1323064217392043
5.8143877516713003
2.1446573889690850
5.6665355184359951
2.1568053589325431
5.6243017751516664
2.1692071788079277
5.5909278893060304
2.1812558036526153
5.5445175919786038
2.1941949107088301
5.4203960075520996
2.2072163112260905
5.3706116936616439
2.2203971761914394
5.3098889475288251
2.2333874759421657
5.2337247983902744
2.2476699053980269
5.1946404437124478
2.2613306169947278
5.1732209437950782
2.2748389964734379
5.0893681235003205
2.2891369533846011
5.0213385822562744
2.3039118993557421
5.0158843731677196
2.3192069879753676
4.9860555271720690
2.3355583728420224
4.9480483358325360
2.3526046089326429
4.8386466253008908
2.3709243066622596
4.9092666455393879
2.3904165364158358
4.7370513294619059
2.4125404550265990
4.7880621860941082
2.4369695870027845
4.7284190657276017
2.4663104630434565
4.7557345048444519
2.5036069509501417
4.7665595451377332
2.5618327953063575
