150
4.7088219835479608
-2.5189004117390814
4.7398380266596520
-2.4478821723121857
4.7583932556152204
-2.3988693983738765
4.8914435947253088
-2.3600007492004775
5.0106523198337563
-2.3257445093485538
5.0525509161196638
-2.2949738400684390
5.1761387627219868
-2.2670027731881928
5.3052190438478437
-2.2392282983406515
5.4020467347855323
-2.2130315922128996
5.4656622326414768
-2.1878201284868504
5.6872108831602368
-2.1634501340930048
5.8515494206086833
-2.1383506826009699
5.9025154136185494
-2.1137749617960191
6.1296786634231042
-2.0898568814577745
6.2766992291824693
-2.0668402405968500
6.3752658975332146
-2.0424084818975441
6.5245784578560606
-2.0192074530975184
6.6542620750544321
-1.9946386873812312
6.6852482192631468
-1.9694670446157565
7.0259061415959065
-1.9455225597447467
7.1306700210555132
-1.9208103332389770
7.3957332786183914
-1.8959441105828430
7.6393550139242574
-1.8708224633303721
7.8079630363964023
-1.8447390475477745
8.1000790773110065
-1.8184551684163608
8.3437547332377022
-1.7919351248086974
8.6364759162775577
-1.7649004507582557
9.0127233106522642
-1.7371559731951933
9.2752676468786923
-1.7092073301424375
9.5210410578893114
-1.6810308158538132
9.7797878460026428
-1.6510355424981455
10.3052512745133189
-1.6218339391670307
10.6164772910251575
-1.5920200233542776
11.0028063700577068
-1.5615133142294682
11.3532739069632864
-1.5311189024431267
11.8068754797067932
-1.5007849776718869
12.3170747649742083
-1.4698316343629205
12.4997082155881962
-1.4381635730695372
12.7918558891112646
-1.4063534056283404
13.1959581006823257
-1.3733557744333835
13.3121244212625314
-1.3396063645252916
13.8619825559382850
-1.3060351803891403
14.6824062998412348
-1.2730273043160769
14.8922856681652558
-1.2385504678850590
15.1417935051435499
-1.2028399216483801
15.6546700617115526
-1.1672050503457982
16.3609651609534801
-1.1314206621232468
16.6930287609245127
-1.0947048889317990
17.1063272486640265
-1.0587985208753428
17.3506943277443888
-1.0220967715882514
18.0605449207752145
-0.9852784828079252
18.3222885876045645
-0.9476266974270513
18.8552341697398198
-0.9090341882962484
19.6344842221686555
-0.8709086423495648
19.7047871132803216
-0.8333473077058026
20.1263994302862876
-0.7942738247563966
21.0012783373308416
-0.7557470164401453
21.5049175815689004
-0.7168939488462193
21.7592325237222468
-0.6764057539670223
22.2822221012106567
-0.6346711146307376
23.2071866513465075
-0.5950169325117884
23.2903245437198976
-0.5547439217347523
23.8547920556384980
-0.5152331724173279
24.1644527856462332
-0.4736589330615397
24.5847129572232781
-0.4336718592340654
25.2799796044557858
-0.3932082447520208
25.9055166495645786
-0.3515137930105709
25.7171064525919384
-0.3095964269703457
26.5483809475620447
-0.2692895965281939
26.8549338886728890
-0.2282847031942003
27.2128399977323134
-0.1866337408338893
27.2320858751383170
-0.1450976147089983
27.1254242514628601
-0.1049190620286700
27.4555914450917236
-0.0628995332584254
27.2999293166806645
-0.0217259659103713
26.9513028191671999
0.0202832652626602
26.9775303299156270
0.0608302347841088
26.8827635655986441
0.1028779741016880
26.7687011505921895
0.1446897470713079
26.5726592367698444
0.1867197158089583
26.6404636321998893
0.2276992106042814
26.1222320196767264
0.2688994652567741
25.5966106720147373
0.3099011140224820
25.7080815245569596
0.3511217137100142
25.6375091453480266
0.3913113125281628
25.1810850231113825
0.4327969435154430
24.1514055433990293
0.4734349824485401
23.7882008060874099
0.5134800708542555
23.3114930433290475
0.5541066182756946
22.6275430863888332
0.5954360440793399
22.4328182596335708
0.6351909510032662
21.5227829265421420
0.6747041550273524
21.4333047116324131
0.7143337134474406
20.7934031225152260
0.7530743534170529
20.2034561312097516
0.7932334978157682
19.7263882971565323
0.8326743407166248
19.3535201395790537
0.8719014658006754
19.1555727891096765
0.9102994873323114
18.5824218778715462
0.9485137178506361
18.0544137635684301
0.9861762275950542
17.8490601990667059
1.0229835739163682
17.1600975470285597
1.0593109723463900
16.6024124476062411
1.0956947217898976
16.2634238155599924
1.1317320872685686
15.5205624759748648
1.1671935860141578
15.4787597960063206
1.2024405442654673
14.8294085868730452
1.2371907902661314
14.3672708914201976
1.2704222658526074
14.2169858548956221
1.3037155966514427
13.6869203584473542
1.3373305745204918
13.1899546524723217
1.3714817419753254
12.5494098779766183
1.4041271471818144
12.3675107841183571
1.4358253153142142
12.0725440161319995
1.4680703062034119
11.5261647541847712
1.4996741472352519
11.2571283897081411
1.5307868815287848
10.9823849446649540
1.5614694596668526
10.5046376122007636
1.5927722345494295
10.2366014459745696
1.6224567710939415
10.0321152282004267
1.6516589628273410
9.5770088718701576
1.6808064417335637
9.3389237798602558
1.7090263741273575
8.9664253928776798
1.7363917803516129
8.7097364962323720
1.7633279847999610
8.3866118779712764
1.7896792841232370
8.0226176294574660
1.8159326558584306
7.7840091857795759
1.8432030827303387
7.6794858959634551
1.8697849196264955
7.3523222933837094
1.8949793385829181
7.1024187422117055
1.9204466896741066
7.0024444830315780
1.9453522604244624
6.7833342849791354
1.9694594789092170
6.7313567422924576
1.9932229346202641
6.4644818132812247
2.0181763810521498
6.3522502769272551
2.0422844113778136
6.1709871459533394
2.0653793865219194
6.1453174062278846
2.0898822293164780
5.8479660247949088
2.1138806510466321
5.7321920554721055
2.1377125905777867
5.6251463222293951
2.1622616119363882
5.5437940652483872
2.1868419121106442
5.3822962545397433
2.2121722354654136
5.3054275835179165
2.2380876720025853
5.0946104991363530
2.2657795643929144
5.0906007892931981
2.2947445326326239
4.9659489814588049
2.3250557028485463
4.9023272674355480
2.3588642834367870
4.8378335546484719
2.3975851158211148
4.7234780745547740
2.4478191556673252
4.7356917556495564
2.5179551414620622
