75
4.6730733629521968
-2.4680414081479336
4.8068469190038199
-2.3749254934865531
4.9690392935637799
-2.3089592922162927
5.2261806039306355
-2.2525919631764850
5.4319254540593160
-2.2001187772700890
5.6777566148015515
-2.1516021535068681
5.9972134578788854
-2.1036889384040061
6.3709305062706951
-2.0555237796437984
6.5589815187315850
-2.0065679517499055
6.9489830187184358
-1.9588766645448241
7.2152976620268010
-1.9089444014799961
7.8431306180766143
-1.8598678250291931
8.0722351676483814
-1.8075026196572690
8.6375695034993090
-1.7523921703366891
9.2368656865269312
-1.6956485962017247
9.8601950362558384
-1.6378266694174224
10.6320846180778350
-1.5780233531654331
11.3358819633279975
-1.5174807360175595
12.0319627000751872
-1.4544691105712828
12.7181594240718177
-1.3921350103739691
13.1187978174782600
-1.3253092916363618
13.8744256037272731
-1.2572640193952747
14.7554917935353540
-1.1856093497256672
15.2747180090159791
-1.1147221977473996
16.2053030675542473
-1.0392391432864641
17.1415749518513003
-0.9676431824231242
17.6537863446026009
-0.8895270911675500
18.2967093903719658
-0.8165590090221913
19.2027298351740221
-0.7353426298419810
19.6151013178325897
-0.6587738096368828
20.7305753963810062
-0.5728580746414198
21.4115061729475009
-0.4987324748790949
21.7405769096237123
-0.4112371717550254
22.8721114798260707
-0.3347302202608242
23.0628695762247169
-0.2461450977239016
23.4830441206866531
-0.1696665681138009
23.6105833142801451
-0.0807034178181775
23.6039318672524061
-0.0042548526240770
23.6978211751024439
0.0855929067607614
23.4153724625864932
0.1608409408421957
23.1536076517420462
0.2509031925216094
22.6472686347958962
0.3261928485246083
22.1235925709516827
0.4147135684067695
21.4727115279837868
0.4909301539597001
20.7890523497941508
0.5753191889965520
19.8079525217169135
0.6509088472287251
19.1591507589545564
0.7362904194653237
18.1501883902195935
0.8094943782084064
17.6712909992057412
0.8908858182624078
16.8720595314393549
0.9652837928247159
16.3436924456933461
1.0415250105185256
15.3853016061933516
1.1125367863010862
14.8898961606862184
1.1845632752826436
13.9913892310612109
1.2527381912241304
13.2709731391256511
1.3213283154709767
12.4561910721427687
1.3876727227205572
11.9193738012031449
1.4532602407660953
11.2139492609946743
1.5164236274411955
10.6637454189701728
1.5776017603994075
10.0378781328583493
1.6362175192292103
9.3229278147859915
1.6940995731253108
8.6572735931717677
1.7502464703906480
8.1362059609601030
1.8034904502777347
7.5227379737010915
1.8561035598135249
7.3123417097179919
1.9081108780761105
6.8081073861885555
1.9567798425967127
6.5496657633735564
2.0052689813303455
6.2102784253162264
2.0532752009341477
5.9618946659598837
2.1022824927414629
5.6314280799671694
2.1505445465280237
5.4003406437779304
2.1988187756062230
5.1840364816290965
2.2500788330898285
5.0249009229860153
2.3062983314011558
4.7809260729962091
2.3746867614152438
4.7194424558818371
2.4638352189670791
