400
4.7607429230107297
-2.5784204753318214
4.7415596360986463
-2.5236739496741132
4.7110041806208978
-2.4900689244570091
4.7100134384736991
-2.4637965757093938
4.7466467511098589
-2.4418813172030713
4.7963311190695368
-2.4227422001164629
4.7930643457014206
-2.4053845217586569
4.7741178668166455
-2.3893927646033282
4.8407687687689656
-2.3746137712127591
4.9187759158839386
-2.3611155242553323
4.8452276182463230
-2.3479852619348951
4.9305733768977031
-2.3355213409431141
4.9534959361652149
-2.3226653713647161
4.9601634637801926
-2.3108019912628595
5.1485842769149350
-2.2993019170383131
5.1054883646660780
-2.2882225610433777
5.0721185465279719
-2.2774350512679642
5.1775141455729905
-2.2670715611736685
5.2001325534498424
-2.2568281994870567
5.2643481712729390
-2.2461596870455742
5.3881856822807270
-2.2359631876409254
5.4159065371713195
-2.2259396102972357
5.4230724200717848
-2.2160299508707104
5.4791263650167306
-2.2061103040401702
5.4907549369169635
-2.1965310568860534
5.4826054949104233
-2.1870020837340935
5.6003626680900771
-2.1777246779610371
5.6305645485149673
-2.1682074970997633
5.7145173456140403
-2.1590504986426193
5.7539432055703168
-2.1493794028419186
5.6925814874785257
-2.1404497780374130
5.8268718619265663
-2.1314333821002727
5.9897403189927125
-2.1220636471725096
5.9947655353135145
-2.1128103460483985
5.9320228487355804
-2.1036957159513960
6.0621804167197437
-2.0946489407800244
6.1188560622168024
-2.0858598679319265
6.1981178310001734
-2.0769428428790730
6.2004659116549643
-2.0678640035102012
6.3107694460784058
-2.0585546638041365
6.3138308563116778
-2.0493363649403897
6.3844869520699756
-2.0404183842850374
6.3614831482992660
-2.0313607024102649
6.5148546088484398
-2.0226449558106490
6.5796397055587370
-2.0136168867383524
6.5550627493777940
-2.0045387037816496
6.5948125010363299
-1.9955808216132991
6.6749730072463853
-1.9862139793835687
6.7321865640731691
-1.9770636833055875
6.8126201428908253
-1.9679459993063622
6.8307075804349493
-1.9589091475513631
6.8873218869851502
-1.9496707366262098
7.0706079468257785
-1.9406113867613572
7.0434748501089253
-1.9310532917380452
7.1459004124888192
-1.9215048469522316
7.1390311852334642
-1.9125918204513559
7.2962878289811908
-1.9035311080105728
7.3995507282168669
-1.8940814966705541
7.3928957114426614
-1.8846864651289734
7.5186212366425229
-1.8751276512453745
7.5725183465114192
-1.8655752396866843
7.7474928242630519
-1.8558028022990900
7.7889815279684216
-1.8458725199830746
8.0210842647591907
-1.8361321111912561
7.9093952071645370
-1.8262358609280058
8.1460826060067486
-1.8161832681543888
8.2399314843254707
-1.8061124566601656
8.3603276530034911
-1.7960434388493782
8.3533815065067127
-1.7859772041529087
8.5800829197413204
-1.7759343647183643
8.6346411363098294
-1.7655464209049525
8.8027009487723582
-1.7552536430837169
8.9486270040311524
-1.7444154659432616
8.8429103513752505
-1.7341423875384050
9.0136676507395919
-1.7237703394433472
9.1735000561550137
-1.7131576241138078
9.2546372719594494
-1.7027440365365172
9.3735821674451216
-1.6918326031633932
9.3323587577947293
-1.6810734311033280
9.7112665889111138
-1.6703639490145581
9.8800685384465918
-1.6595971483142558
9.9085402839271861
-1.6488200665262742
10.0238278106406220
-1.6376240839582372
10.0367663735512256
-1.6269271828870266
10.3208169735757327
-1.6156532879742078
10.5007300556158629
-1.6046467039646024
10.6526355228467615
-1.5934355451883526
10.8585312733152861
-1.5819285425347114
10.9850234154389650
-1.5706873353008957
10.9686185869031796
-1.5592961156792149
11.2275550806606716
-1.5480523755660396
11.2108128856237439
-1.5363786777684625
11.4037171340399581
-1.5249778158486620
11.4877889822973973
-1.5132531675168384
11.7363825836109896
-1.5017176218436845
12.0394816312235058
-1.4903159081640340
11.9754466510129216
-1.4783969551531435
12.1693387065756458
-1.4667298263411310
12.1825564247854992
-1.4544735584605111
12.4547216031907428
-1.4426084377662487
12.3934882650738505
-1.4305759386232193
12.5677620364486309
-1.4187192496408976
12.9176424547573117
-1.4068776844205759
13.0975910215500768
-1.3944564912481905
13.2348719910173465
-1.3819675168837964
13.5549800084507854
-1.3697014395529141
13.3614938683625883
-1.3571664397711922
13.5058095966659266
-1.3446433397397040
13.6338421304825115
-1.3319678595998272
13.8340813958443327
-1.3193303284805384
14.0103299970299844
-1.3068267601239558
14.2231360283659889
-1.2943996995780966
14.1247046804211234
-1.2813508378808314
14.5851656625377064
-1.2686905637855426
14.6971651513839223
-1.2558116323372510
14.7796324794616023
-1.2429491034627962
15.0251079955180860
-1.2297053825392168
15.2339830738911690
-1.2170196438734044
15.4774092560538659
-1.2040195908834408
15.4214091847409804
-1.1908948940609669
16.0306801264050947
-1.1776342705717240
15.7912442360919378
-1.1640102349466483
16.0844970163158933
-1.1512107571657753
15.9295097332492155
-1.1377382398987261
16.4335070575332587
-1.1243923583901234
16.5561212001092208
-1.1108021881411438
16.6725079890772356
-1.0975794136014998
16.9030276397118229
-1.0839304334291533
16.9573641808763931
-1.0702945700870241
17.1724081382546920
-1.0563884590637607
17.5426745906127906
-1.0424955302973100
17.2801987816563916
-1.0288343811480560
17.4887388309802496
-1.0150463945336468
17.9411684786160457
-1.0011777094949381
18.3764972233155177
-0.9869829726925572
18.4714415369270135
-0.9730663356960768
18.4163011811363404
-0.9589286073373618
18.5986723852699427
-0.9448347309782235
18.5388529332334961
-0.9305306521626038
19.1257611798554628
-0.9161516709260852
19.1216556768122992
-0.9017550899941454
19.6513043652233890
-0.8875450537033660
19.3807199371159022
-0.8727506830497405
19.5439837765635218
-0.8585200355647942
20.1347969203240176
-0.8440080285931619
20.2550715491384246
-0.8296118029909851
20.3443490273327754
-0.8151413186805408
20.4359382462429942
-0.8001775392801540
20.7999821627662520
-0.7854365207013803
21.3274298373719411
-0.7709803500735839
20.6687670834739485
-0.7561187050639309
21.5004799231527528
-0.7412299122607254
21.5241334879705946
-0.7266095923874093
21.7486879549838221
-0.7117439490068563
21.9871529470058107
-0.6969633310417166
22.3359798794484057
-0.6820638276713030
22.2704034791026046
-0.6669189668363941
22.6366365674445298
-0.6521755827213642
23.2707272535766911
-0.6374383707700771
23.1357320845122949
-0.6225656081873645
23.3982554682637236
-0.6079081049862305
23.6648862348279501
-0.5925366654497545
23.3892332491428299
-0.5775317880095538
24.0216527916825839
-0.5621676279336173
24.0159344558371473
-0.5472449708455283
24.2539560870866495
-0.5321279171181016
24.5163124659188405
-0.5169297685249183
24.3099863059280175
-0.5011831500209550
24.8493628364926380
-0.4860680596895579
25.0940263446939014
-0.4707912323862806
25.5935877456409031
-0.4553633739326431
25.3478279891377092
-0.4398341618121973
26.0922050278990696
-0.4249715928987874
25.7711467606258005
-0.4096358851656347
26.1805718481267853
-0.3943293822563773
26.1088642127343569
-0.3788860026726732
26.3425686774907106
-0.3635953607961733
26.2238277521742518
-0.3482424129422101
26.6402695423683760
-0.3327070396654914
26.9342229126549491
-0.3172842849132467
27.1451406331657523
-0.3020471367012521
27.2525269764353979
-0.2867876298624299
27.0686991366032572
-0.2715464870118498
27.3907098609271848
-0.2557973824985321
27.4521809661453027
-0.2402481098010500
27.6451933069342815
-0.2248606123611285
27.3904150950589411
-0.2089130676181785
27.9240606424729094
-0.1935908139994598
28.2712752020014122
-0.1780541987691868
28.1486454419714889
-0.1630251951265012
28.2304355314069575
-0.1469785835402951
28.2439712593987764
-0.1316906403206260
28.3049006004386783
-0.1167302725945123
28.2528069431624047
-0.1009831622246604
28.0147545874951049
-0.0857727331759669
28.6613088743406230
-0.0700254865349163
28.3741833905370129
-0.0542271059140591
28.1605970979349109
-0.0387410774187673
28.2304496538486944
-0.0234288371580935
28.7446715238868435
-0.0077946662039029
28.7552195822812457
0.0076041718085850
28.3280529325098485
0.0232717835030566
28.0072138960886896
0.0387451122693745
27.9496894396575435
0.0543598884697017
28.4159006949948356
0.0695565129841975
27.7586474414536291
0.0850363603644343
28.4579054218201790
0.1010805781763011
27.9956074604460952
0.1164441358974721
28.3250130419382451
0.1323675345171839
28.0310328577620176
0.1474122441380483
27.9713643831850618
0.1632584178521464
27.7789819483150389
0.1784828609654126
27.4154887038314250
0.1942826288107857
27.7073928811195600
0.2103700911451393
27.3500431280164520
0.2258413291044329
27.2308443551866688
0.2410925192641621
27.0522703953629780
0.2566906668822858
26.8702604551386521
0.2722117553883941
27.3223144525067987
0.2875388561396772
27.0607653697231427
0.3028437976252397
26.9566810533602954
0.3181995668734738
27.1179670834707629
0.3334996051077588
26.7114786908706208
0.3486025648172753
26.5119196108824582
0.3639229246054541
26.2572437530691936
0.3792577790498647
25.7187994706301168
0.3943446255964135
25.3750533143518844
0.4102107375524306
25.4116507808748580
0.4256307423685631
25.6949196864694969
0.4405702297422255
25.4356191475692341
0.4561830157249656
25.5534612562421053
0.4713708296871031
25.0747078481637828
0.4865716279273919
24.5918363966424032
0.5019214032405728
24.2539220656155656
0.5168390583321457
24.5593670741662073
0.5315558561644483
23.9373452453436073
0.5464014900173905
23.9521721889515753
0.5613407494349123
24.0648105702240045
0.5766444278032455
23.8618889956350202
0.5917853736060026
23.6057566129766414
0.6067500900678859
23.3050857373529858
0.6221732661275271
22.6678420777506169
0.6371600443845313
22.6213365264319002
0.6522419673623993
22.1967625942952047
0.6670547684464293
21.7079522389781090
0.6820215046392047
22.1470044368941394
0.6972904644811927
21.9000620707248466
0.7113591267426521
21.1549917214132179
0.7263052938478428
21.1038854273181897
0.7412617098349743
21.1553906057401484
0.7556150466986582
20.8652995215780699
0.7707422144825841
20.5385714070115064
0.7860994861636501
20.4458382247786901
0.8003728680657975
20.3288347016476898
0.8150092025513271
20.2337575206222589
0.8296056011463535
19.8337849614427135
0.8442091902095200
19.5326578238389175
0.8589126159863817
19.5826984222765006
0.8736180602586232
19.3937839141445316
0.8880916347508991
18.9924483357660421
0.9021296096902909
18.8004361250084848
0.9167683347645111
18.8181388627198380
0.9310814121534148
18.4317762007482244
0.9449022989073176
18.7112871824005538
0.9590551863893497
18.2526804197152721
0.9734266184118900
18.0728531424566263
0.9876567043367516
18.3160746835127206
1.0013639586617922
17.9005808291656514
1.0156929776971844
17.5979977246875663
1.0300032046240801
17.5674894657178484
1.0438124518694420
17.1832549666401277
1.0573105117331665
17.2078541293256500
1.0702978795201621
16.8897564323882108
1.0838618596433955
16.6417563929567471
1.0973014919179780
16.4952943067305604
1.1107339910621508
16.4773274870716904
1.1245587163592761
16.0825469327084463
1.1378672231502123
16.1283339733011069
1.1510081866598425
15.5554921245229067
1.1642520098206099
15.5361249600487259
1.1775630869181350
15.6683789340439841
1.1905316652918279
15.1025031184637868
1.2039666789889165
15.2308176819589569
1.2166568081243647
15.0964144674188407
1.2296946235179667
14.9047472878915972
1.2424808153263476
14.7962307934443782
1.2552165547355012
14.5798539143052039
1.2680013425714936
14.2879307259487174
1.2811085246107845
14.2102764076392969
1.2938193281203569
14.1333964379113759
1.3063412779822487
14.0425223455690240
1.3191630947732975
13.5899432810834302
1.3316131362045920
13.5463700820047155
1.3441948839951459
13.3682944072820362
1.3569997325643139
13.1383638887669356
1.3693504089580055
13.0067459515748940
1.3820503484611979
13.0739437143265498
1.3946201494820392
12.8859644118124663
1.4065196131152073
12.6550908494269709
1.4183209464723423
12.4307685959426859
1.4301243208187251
12.2570412872040428
1.4422244850597536
12.3089616046186734
1.4544929944299978
11.9078991093222566
1.4666023038330296
11.9415630068255769
1.4781859146840586
11.5690093096229010
1.4902617647463094
11.7274503954084590
1.5018267708718978
11.4362521507739476
1.5136578395228419
11.2764980961406316
1.5255292783135941
11.0850031446919832
1.5371575492358076
11.0710313159456675
1.5486204017588634
10.8075340094199799
1.5602072158348816
10.8606957847311723
1.5718572442302789
10.5186543295032777
1.5833963140073790
10.4621068398142665
1.5946143243469812
10.5056513404567262
1.6056547333119289
10.4387498835231689
1.6167619483549327
10.1237201331832445
1.6280903332170131
10.1291345301995825
1.6390222757022277
9.9166115845417657
1.6506091848576800
9.7082489201608730
1.6611476831375083
9.7708739839671814
1.6718245970066195
9.6440319444059046
1.6826509372317011
9.5696153013570537
1.6933180155648662
9.5067314150920268
1.7038073774689599
9.1178067819088096
1.7145262634641050
9.1117803719646204
1.7251412979260647
8.9842355383179413
1.7351921984499679
8.8799304995840735
1.7451827852068820
8.6739266200011151
1.7556747776373502
8.6137614529289390
1.7656968159801529
8.5512675641604723
1.7759549493921396
8.4616364162978535
1.7860797152851122
8.2568290289858286
1.7962436519861995
8.1963474694547998
1.8062088677488248
8.0386328641380196
1.8162383342684032
7.9223962299474113
1.8259658476748537
8.0594009584447388
1.8358582640323997
7.8172656357084591
1.8457661147033577
7.7109976169770631
1.8552072500700771
7.6703782596147532
1.8649539581427326
7.5191860572856131
1.8747709189854520
7.3534905582010177
1.8843477142658895
7.3967510636599538
1.8942307503136053
7.3518165220582139
1.9038074467588408
7.2793069042591778
1.9131658596451346
7.0488419390218118
1.9224024135997124
7.1878769185851015
1.9316720478998415
7.0359118546351702
1.9405845015291754
6.9462744294892920
1.9499528698810220
6.8219762282553180
1.9592185465367455
6.8342508125482091
1.9681162073997465
6.6662772328052737
1.9776348718732764
6.8369440590854609
1.9868163454890178
6.6654103482476161
1.9958980311349195
6.5629606728808128
2.0046505562153154
6.5357952737362979
2.0137209673043195
6.5008019243254429
2.0226642097800052
6.3697159706447994
2.0313469077780955
6.3841940121303056
2.0401164737737632
6.3395658599101461
2.0492645560509932
6.2756663423828174
2.0582807866843891
6.1755979896071453
2.0671911488111840
6.1180627226649946
2.0762113696115208
6.0752205728130395
2.0851434059594496
6.0283803554136348
2.0944320506952683
5.9592873192074869
2.1033966289920594
5.9422167683164115
2.1126854924180694
5.9402376795526548
2.1217800021219380
5.9197331357134297
2.1308574002235412
5.7594504733515492
2.1399494527144012
5.7500410740265222
2.1491472566494840
5.6548229471308034
2.1585024327685565
5.5959496222023715
2.1681321461009113
5.6299164545183249
2.1771510140374355
5.5112087391122424
2.1866063196004197
5.5662245121395690
2.1963961454503442
5.4124228646329504
2.2058493908486017
5.3731570190469418
2.2158202376497536
5.3432126592561842
2.2256812011830513
5.2870170337366114
2.2356144283644768
5.3286762995015913
2.2458391241542421
5.1933547307598653
2.2562764876500507
5.2234545122196563
2.2667090926395623
5.1158852211196351
2.2770165760574472
5.0799106177696727
2.2876261306527215
5.0339594818617712
2.2987434664850759
5.0012567771233636
2.3109014437672335
5.0101860144687045
2.3222431057664337
5.0224386328318120
2.3343612483598069
4.8805339673312504
2.3474668825319127
4.9369543841587022
2.3603138477875225
4.8860980306083919
2.3742910523118117
4.7831247805644104
2.3891157538130465
4.7769039029302380
2.4051116973536080
4.7815042418628346
2.4225638932392575
4.7711042187893442
2.4417698130241843
4.7772320781691722
2.4631390286341017
4.6996760904567134
2.4899183212346454
4.7659300619132274
2.5244997955253838
4.7745463956511642
2.5798424788753085
