600
4.7875921084076554
-2.5965128841852834
4.7244950657719196
-2.5477456418979454
4.7212099596014321
-2.5177954181067403
4.7152718211478604
-2.4953782258181749
4.7357452648481777
-2.4768205914244370
4.7043962516830176
-2.4603653970377031
4.7866793625241035
-2.4454866416168013
4.7279441970051446
-2.4319493798263538
4.8140076753428200
-2.4200937432191711
4.7647217348103306
-2.4086408600946703
4.7817355646608490
-2.3974736178208262
4.8428012643455780
-2.3870763060075939
4.8283365912122509
-2.3772379527439602
4.8789738278880632
-2.3676157125394131
4.8562938109645266
-2.3585452844530845
4.9223596472288884
-2.3494846542355003
4.8888465328147293
-2.3410375899206772
4.9384973547051123
-2.3326331965583331
4.9212243496822925
-2.3245784156292135
5.0182532956172272
-2.3167442084364240
5.0244878341243941
-2.3090607771116409
5.0426927060411595
-2.3014230311483037
5.0854419942965121
-2.2937754784388003
5.0670116031164723
-2.2862728941721122
5.1580461083333597
-2.2790290062195959
5.1699617610382269
-2.2718364142833085
5.1757232689741715
-2.2651312455890600
5.2064264174786228
-2.2580544387066888
5.2800822134860690
-2.2509739314096806
5.3318885486224676
-2.2442682726594652
5.3046330792119880
-2.2373282779780261
5.3764000179276126
-2.2307516870745285
5.4118401960793356
-2.2242042911079114
5.3789815099239959
-2.2177679487185045
5.5405018668602866
-2.2111979457037467
5.5585259800400220
-2.2046570575746181
5.4640130007498264
-2.1981362795449444
5.4737104849100309
-2.1919571777458522
5.5469015749478343
-2.1856001042012938
5.5640944975550246
-2.1792377582479676
5.5729154690157348
-2.1729775497163288
5.6590891104692123
-2.1669714078940019
5.7208430283968763
-2.1604261110015028
5.8004978811380443
-2.1545030968805015
5.6942651518783700
-2.1480176321957378
5.7798824174978121
-2.1417147731969188
5.8069640676745768
-2.1356904851630572
5.8951987824353926
-2.1294166043705158
5.8376668922522326
-2.1235158959204243
5.9447733102891620
-2.1174601296910067
5.8435837134292665
-2.1115984202423657
5.9764744944115851
-2.1056070675838550
6.0607662978278576
-2.0995803080328863
6.0344067207741041
-2.0935739553962374
6.0533464395381058
-2.0874086335333324
6.1021322402428471
-2.0814739478399336
6.1716093527860103
-2.0754247859971366
6.2669913187847515
-2.0692392198816618
6.2851823248168506
-2.0632309119062340
6.2587592725677403
-2.0571892795999154
6.4038515509394180
-2.0509723908330932
6.3545647734671933
-2.0449014452332732
6.2929019705957803
-2.0389448928495586
6.3716609225785694
-2.0329173195481771
6.4247821148136781
-2.0268063446122513
6.4860532467699556
-2.0207245141973607
6.5405351618495322
-2.0147548571342178
6.4509696991432595
-2.0086725812211359
6.5894210661905808
-2.0028367326183889
6.5777047715473156
-1.9968967274442715
6.6896217116684538
-1.9907476390747434
6.6801565463602302
-1.9845763389895026
6.6700166032931323
-1.9784229085778469
6.7288585789248447
-1.9722131874775279
6.8829510794309803
-1.9659260171233914
6.8573313594412113
-1.9597766346203414
6.9561692475337882
-1.9539451931921259
6.8564201316148008
-1.9479326066525762
6.8729170784550213
-1.9418598720589870
7.0997578553127720
-1.9357463207935053
7.0499994634553680
-1.9295716144462896
7.1831544815253157
-1.9232868230036479
7.2043486410830422
-1.9171366085459485
7.2919719507284153
-1.9110544569520631
7.2723121426914261
-1.9047803580039508
7.2516643988796838
-1.8982267898793215
7.2941821853741233
-1.8921811737875462
7.3710898787027217
-1.8858829251113296
7.5671742556768136
-1.8797656348577982
7.4647237520261633
-1.8732576656160229
7.5188532237853245
-1.8667577749394859
7.5945738464437369
-1.8603041430638592
7.6096098572763067
-1.8537691062457415
7.9156152096222776
-1.8470870317081267
7.8074313389458760
-1.8406408584307381
7.9158640417599280
-1.8337851506401450
7.9784104751272134
-1.8270687247648338
8.0425172134923439
-1.8205406588626591
8.1346854587244088
-1.8140730465482082
8.1610951681914194
-1.8074971635987562
8.2321248464969816
-1.8007947979531604
8.4176768128901003
-1.7941740103713801
8.6043796736435976
-1.7875201201120836
8.5186290788184582
-1.7806979746601024
8.6213717846426849
-1.7738452651151728
8.5148491834820916
-1.7670576630792292
8.5156097847200591
-1.7601332586009153
8.8815189406192143
-1.7533538432347191
8.8029634612798144
-1.7463130680199315
8.9612658271322392
-1.7393379114210403
8.9514763869094729
-1.7323590644504743
9.2032143977954650
-1.7254614952550400
8.9728474347324347
-1.7183667843258075
9.1254769603010448
-1.7115247577724613
9.3790417809006446
-1.7046482863416774
9.4402995443191475
-1.6974413610190937
9.5139523154839498
-1.6903041523672886
9.5257008852142739
-1.6831502693691374
9.4177157306942423
-1.6756354873639410
9.6257478187908241
-1.6685945029035201
9.8185947516742811
-1.6614376105353375
9.8186400755557628
-1.6540019082151134
9.9004583562769763
-1.6470161539777963
9.9980986667947782
-1.6396817074838970
10.1072223246331010
-1.6324995329757173
10.2874554113327541
-1.6251737836220284
10.3784774370398249
-1.6176546869151207
10.3820500189303342
-1.6102245517263347
10.4633351783970898
-1.6026267354892991
10.6225626903078325
-1.5951933607973738
10.5342493226674101
-1.5876764031509072
10.8409779312016266
-1.5800952516086040
10.7736463320733815
-1.5727926618791774
11.0510724078370313
-1.5651691312469911
11.0700322849789110
-1.5575048646399698
11.1644889764717927
-1.5499523683438730
11.1259134700336499
-1.5421921144420612
11.3642137613378207
-1.5343368929204317
11.4321806092827654
-1.5262793068946741
11.4863887439046515
-1.5185794530721601
11.6261561898878671
-1.5108543664373459
11.7484398237792451
-1.5033846456899591
11.8829177417120277
-1.4956078632609067
11.9684581602168514
-1.4877682561938645
12.0101488184440441
-1.4799878838790854
12.1918061621975404
-1.4720892009615687
12.1488037299660316
-1.4640467168063260
12.3700957913879712
-1.4563901427962820
12.3533694923455428
-1.4482750664157880
12.2846178440993246
-1.4403881945935348
12.5166133595266196
-1.4323563902173435
12.5546452873206533
-1.4243862736538975
12.7009741962723375
-1.4165339249450108
12.9968507126475465
-1.4084939061260524
13.0405995145446791
-1.4003118542439916
12.9566978180673118
-1.3920725157656164
13.1352261472331939
-1.3840470325033147
13.4926345279825028
-1.3757384594096502
13.2651613257126559
-1.3675059734438599
13.3114521330161910
-1.3590572733515334
13.2814101966176583
-1.3510147155699623
13.4356997861055607
-1.3426677079316489
13.3756953519549651
-1.3340766112306228
13.9063013647528884
-1.3255287125082735
14.0423140436590455
-1.3170074145256949
14.0451679135352130
-1.3082107682792390
14.2833249160497040
-1.2999715466820776
14.1975689655545914
-1.2916728588384720
14.4718960734284536
-1.2833249139302747
14.4207286164915267
-1.2750351082103377
14.7563478294675470
-1.2664491395137631
14.8094474687029862
-1.2580052371257726
14.6038408377080238
-1.2491592884686606
14.5901748260894468
-1.2405666573578540
15.2113690859750417
-1.2320853560128635
15.2351876469618173
-1.2233772175032780
15.2983002814692206
-1.2148547939499708
15.1708197321836913
-1.2060608418220053
15.2834725539870249
-1.1974802348348768
15.4382862347668315
-1.1887256028770790
15.8409081258015316
-1.1801920502813341
15.7741418006452641
-1.1714564533630827
15.8792180856517273
-1.1624769047468075
15.9572337411073732
-1.1536077365285831
16.2065334566509804
-1.1447910012867668
16.1806554667105864
-1.1360206738998957
16.4448649401031268
-1.1269443303406483
16.3453441117554306
-1.1180034554776970
16.7109657489963084
-1.1091033668032857
16.6839347625939993
-1.0997711902834135
16.7831129747696117
-1.0906785948597864
16.7992121293816012
-1.0816430137161281
16.7931735641462367
-1.0724052486396556
17.2510442648031450
-1.0633882503840510
17.0837595093464820
-1.0541080857475686
17.0995533171212308
-1.0449184389457600
17.3537273544977246
-1.0356714164368594
17.4266334715130959
-1.0265582898007415
17.6927859432789596
-1.0173150594027618
17.9816507078914043
-1.0081110763569312
17.8057185073363016
-0.9989435302336064
18.0596886306107045
-0.9894541559445548
18.0881138355896560
-0.9798918079749165
18.0741873675506781
-0.9703193828648513
18.5656699868847106
-0.9608246951670427
18.4968002152228621
-0.9512021893608760
18.6480132415839250
-0.9419478917217794
19.0572316178062025
-0.9324824298181402
18.8551518017145767
-0.9232577195031862
18.9214575549622701
-0.9137460757186096
19.1472827737027913
-0.9042899229091592
19.2232574462971364
-0.8947043728525950
19.2526763141546624
-0.8851664459554363
19.4081614296747667
-0.8756135360599335
19.8958660065869566
-0.8658186538429363
19.9291137168111696
-0.8562315101301153
19.6594994550458502
-0.8464064889206252
19.5388468655737952
-0.8364386082161213
20.2940803531764118
-0.8267767733190707
20.8705120375847635
-0.8172484777186072
20.6787612034120372
-0.8076512323074463
20.4719070247049011
-0.7980825573576621
20.8107687156332553
-0.7882452887609767
20.7892778315464000
-0.7785338003263053
20.7231819909602173
-0.7689253913860787
20.9863334849244403
-0.7588047016033332
21.2568224058425770
-0.7488659229012116
21.3778152996258299
-0.7392971743930137
21.2611031818905758
-0.7292466056667226
21.9102961306207717
-0.7192324689667421
22.0211280832702876
-0.7093294787461332
22.1115093984656355
-0.6994916686169866
21.9726744464331354
-0.6896889938014747
22.3171352546794779
-0.6797598553249673
22.3458468304606619
-0.6697640912581911
22.7264050835815503
-0.6596921041370798
22.4747016758056333
-0.6499323643570859
22.7821538453861692
-0.6398959890527938
23.3106310276887747
-0.6299244677849315
23.2549067840533965
-0.6199684431666699
23.5261738178209008
-0.6101153309063688
23.8975527152738856
-0.5998005097402158
23.3287633383528110
-0.5898320041849591
23.2219759450127832
-0.5797263223712552
24.1258250181385527
-0.5699293339607568
23.7305071561817300
-0.5594700473686316
24.2516219325649338
-0.5495454242083666
24.1094604921915128
-0.5397570031992801
24.0626870653016631
-0.5295666483424332
24.6786409875411756
-0.5193566635937987
24.8033744967862511
-0.5089096459299308
24.5000897373244833
-0.4989870981209949
25.1404597951826716
-0.4889786169015874
25.0294670473555918
-0.4787233330383620
24.9316811726584433
-0.4686807976426025
25.4853455228522279
-0.4583630105669246
25.3116605828456258
-0.4479741146817418
25.4662936969965443
-0.4378323471913539
25.3773161324409102
-0.4275511383214813
26.3956873825493510
-0.4172007705095446
25.9875514399215035
-0.4074278730343432
26.0062087044506463
-0.3974380355514777
26.1589759007815381
-0.3870189650485945
25.4960956844784086
-0.3765416584671814
26.3080168397136873
-0.3663695265377747
26.1263038471806830
-0.3560915474908121
26.7429321362028745
-0.3457824509310423
26.3436901690340193
-0.3356639443447908
26.5343830021853080
-0.3252957535583528
26.7486900293983538
-0.3150175121134862
27.0281461908682417
-0.3048106548482012
27.1677525090841137
-0.2944926256444531
26.9594989900306352
-0.2844981861651755
27.2182551876717547
-0.2741507652655150
27.7245205144845812
-0.2635806712104857
27.2531338791412416
-0.2531852593732182
27.0929943709736598
-0.2427798246857402
27.7641382643836394
-0.2325611561684860
27.9460007438309752
-0.2221900403808324
27.9858920039958150
-0.2117135220981841
27.6993527359623037
-0.2015756170065874
27.6986486029731402
-0.1911816152238823
28.1831615544639469
-0.1810786072003629
27.9950232967869361
-0.1705195295678575
28.2464920564495117
-0.1602130857229474
27.9298569978780193
-0.1499307279339821
28.2053959887222199
-0.1396916966530788
28.1379875171358158
-0.1293782044626578
28.1728211653692213
-0.1189913404226412
28.0265669078741908
-0.1089844619693100
28.7573282061667577
-0.0986021157248925
28.3440210808937998
-0.0884745977863359
28.4175822713431323
-0.0777371210145184
28.0022339948433157
-0.0676497025725448
28.3658206804006916
-0.0568985723897616
28.1406255849267914
-0.0466571753563356
28.4849371888712213
-0.0360875391600306
28.0267811896208379
-0.0256936657511764
28.5383285021125310
-0.0151951457022469
28.5915356167942676
-0.0049834753812571
28.2715507426205370
0.0053209028432092
28.4225609196459743
0.0154620988839477
28.2459082599771847
0.0260308349417895
28.3415222817029466
0.0365289287083041
28.4786695469846762
0.0467549742950155
27.9636150929308300
0.0567907878162518
27.8877431786536505
0.0673796947147031
28.2276812621764925
0.0773658674676514
28.2211006179023158
0.0879679173772088
27.9884467145478517
0.0985238292630120
27.8221119248891640
0.1088704410880187
28.2156676030753459
0.1193030808816777
28.1781296870113529
0.1297852558188700
27.9937607138463740
0.1401544001218331
27.5154437090884443
0.1505698432925056
28.7880944061298365
0.1611053684882587
27.8772111875540460
0.1714313657236682
28.3526796448932288
0.1815766769567751
27.4371940478331666
0.1921103421069371
27.6143911903866659
0.2024036751099036
27.7975268577659413
0.2127929598724874
27.4318796351868954
0.2233385663738655
27.0396388781823340
0.2338195682655113
27.0693537818283119
0.2436687165394658
27.0777582560139329
0.2540504339712513
27.1759111612150654
0.2643439274865764
27.3827103865992214
0.2744363685729433
27.4072600189476887
0.2844368680808462
27.1124350628099542
0.2947505468169331
26.6908987752190505
0.3049866293926166
27.0848503524734951
0.3157341274811716
26.8688706119876315
0.3257714824096491
26.7365588066576265
0.3357907652489654
26.9795687099964105
0.3460206028893656
26.4203004955600456
0.3564315291949699
26.2391186332046011
0.3666578114118526
26.0192221286630208
0.3769021823820018
25.8392059310796753
0.3871568853179246
26.0676842018428658
0.3972395171194477
25.5013605820116425
0.4078096971123261
26.0407638996184829
0.4179467439398801
25.4804728001649501
0.4281152929864599
25.4840853697554515
0.4379773745974518
25.6476277663376422
0.4484486400069773
25.2320241079312026
0.4587145008523018
25.1755148856156268
0.4688098766516408
25.1319049124008949
0.4792566926572733
24.6873312002598233
0.4892815560767808
24.9064626398966489
0.4991848383009679
24.4616791970430612
0.5090823693870061
24.3179435226557921
0.5191819490209926
24.5260174188341260
0.5288389176585926
23.8008040807716661
0.5390861192642579
24.4130533056451888
0.5493693377157004
23.7292117419571547
0.5593768899491970
23.9836829062155559
0.5694083303589168
23.6180618882904518
0.5794774920675668
23.8884867847464264
0.5896135067860203
23.0444859150688579
0.5999430756496363
23.4361685336307310
0.6097999578776753
22.5957165548203420
0.6198232882715090
23.2182796985425348
0.6300613772105709
22.9864104961090838
0.6402286096066316
22.5438891094064751
0.6503726465285710
22.6607439820334342
0.6604331905307661
22.0009553864753045
0.6702811121394386
21.9790898231908365
0.6806001207431392
21.6760441049966914
0.6903243585439047
21.7372675824968873
0.6999331630067467
21.6736930506164320
0.7097101771980548
21.7971525147069585
0.7194133527718529
21.3828776756000636
0.7290568121751043
21.3277401453541628
0.7389843214439066
21.2886890979010026
0.7489919601802298
21.2859580754103064
0.7588878767610363
20.7094782567247648
0.7688454361665524
20.5379723566155299
0.7787345670015635
20.4609023388916746
0.7884654611002142
20.4974798509941820
0.7979751912918048
20.4428725303385690
0.8078946747195754
20.2770980643292553
0.8177192200430300
19.9807079107518248
0.8276662852147855
20.0498830504263417
0.8369559616117639
19.7064495501028532
0.8465850612291304
20.1701358751465207
0.8563607166970063
19.8958499611865314
0.8664266480490924
19.5879174416153958
0.8758980703850352
19.3095222955663317
0.8857873250438171
19.6659690176209061
0.8952477216251415
19.0350106986054897
0.9049907680880414
18.7335669520496140
0.9145370502422080
19.0080359911579428
0.9237314870447740
18.4453992699695704
0.9333914308738326
18.5110624518113518
0.9426798220542855
18.4309437575897981
0.9521401490848163
18.1816164874378003
0.9615454640300684
18.2046630465372949
0.9707004412315255
18.3546406787387433
0.9802901861694906
18.4113455976304294
0.9899367723127069
18.1158415745163488
0.9991784020285920
18.0039281015666681
1.0083446874119735
17.8790246437605695
1.0177586664719289
17.7100957149017511
1.0269912307091671
17.5448637318373777
1.0362243935683322
17.4170102892737333
1.0455853737807945
17.4906190885924673
1.0546644670923866
17.2024204315993607
1.0637376482133094
16.9903775252418185
1.0728796385427442
16.7872364001021737
1.0816924553094751
16.7536969330312289
1.0904956213645309
16.9000739902143593
1.0993323607027170
16.6779897413806673
1.1084772298261831
16.1427694924963099
1.1177286048485826
16.3105388903718698
1.1269383606345280
16.2390505720153229
1.1360664218168723
16.1864627483849830
1.1447406477675837
16.1639845819949990
1.1534884472876319
15.7701828631192082
1.1622459266615046
15.4735437654061307
1.1708151761386785
15.4669567258863410
1.1799295012358266
15.7643559217861817
1.1890293315443972
15.6918105773154064
1.1975608365637060
15.1509023659076352
1.2062901939191206
15.2312658169166486
1.2148576718695778
15.1437880703278989
1.2236914691933360
14.8293277252518951
1.2320505186297821
14.9876512612541646
1.2404996562817101
14.6552696146373727
1.2490701061062737
14.7619848326322476
1.2574933729654809
14.8478242162186600
1.2659893113115357
14.5160871103297655
1.2746935235926187
14.1707026958949491
1.2830894310004120
14.2707724394086224
1.2914980616612641
14.2826729842228772
1.3001035411230701
14.2019614390374809
1.3087733641377703
13.8163262454607008
1.3173146698713625
13.8051857852473905
1.3254876732282574
13.6705729467160442
1.3340518062134370
13.5660720881227199
1.3423763877121269
13.5532315966274943
1.3506766868919364
13.1810259150882434
1.3592239786671809
13.0534441214198100
1.3675735938473810
13.0879594911963544
1.3755758995414944
12.9897096157286658
1.3839214049994724
12.9690603609577817
1.3921288632889262
13.0930981091110183
1.4002537482582638
12.5234870246853021
1.4082560094679850
12.6729365076493661
1.4162559702932183
12.5222233892358918
1.4243277890743407
12.2976017533655497
1.4325498448640708
12.3700701327758953
1.4405673994116091
12.2391808111409137
1.4485689228081495
12.3527427751817900
1.4566449251382287
12.1977560092977591
1.4647163769646556
12.1310638954096888
1.4725832851620118
11.7133089182152759
1.4808151159525305
11.8259421032627206
1.4887055744660014
11.7238680405114035
1.4965980479151344
11.4557777920011947
1.5041328835813412
11.4990161611920350
1.5119499680797543
11.3851820807620694
1.5193700033544475
11.3395023997147888
1.5272546998508534
11.1084000133690353
1.5348735343131155
11.2085541141883223
1.5425120736942892
11.1190950704378366
1.5505230313338394
10.8325627718879272
1.5583951663858000
10.7061043446787370
1.5660608790058728
10.7562477510834036
1.5736904748709102
10.5471829686975500
1.5812485543821866
10.6636076054657707
1.5887909295359359
10.5569390865490682
1.5963951688054847
10.6343676512484695
1.6038444298913048
10.2746769400874012
1.6110346028455818
10.2931176694350572
1.6185468232017151
10.2977014416316379
1.6260114017436158
10.0377308642431533
1.6334665361593887
9.9644697851281094
1.6408790755721883
9.7760631471935646
1.6483774399995554
10.0357456713930944
1.6555231751912756
9.8218869910248952
1.6629199837222637
9.8708831636054821
1.6700391321507519
9.6168006096873473
1.6771665406432565
9.4346843547290931
1.6840913331601852
9.4096486049433317
1.6909617232725453
9.3897430157412654
1.6980910662418212
9.2939702639631570
1.7051859203802020
9.2596954221517720
1.7123322361689490
9.1076626913402823
1.7194651806802894
9.0106342104997879
1.7264847653381519
9.0491575170454581
1.7332054942783470
8.9239871276282923
1.7402262171087122
8.8574924801644297
1.7472101386933598
8.7737620819364750
1.7542134554087909
8.7717132718918975
1.7612090613946652
8.7213816860584163
1.7679131822791718
8.5446085794479654
1.7748176610239716
8.4048749230902438
1.7814140834474785
8.4055825352644327
1.7882816852891830
8.3155948550647221
1.7949906839925407
8.1937997760581602
1.8017611090746468
8.2563703432820699
1.8082721434977140
7.9971339493784104
1.8150191783485801
8.0779283254226186
1.8217046201196136
7.8638578437033519
1.8282688730738710
7.9394786102043708
1.8346781830677767
7.9143491427677679
1.8412064621719213
7.7093948664170755
1.8480005296103290
7.5619228372507985
1.8541704193726136
7.7335635746530826
1.8606323245691905
7.6114917994085660
1.8672067965861070
7.5956826233217853
1.8734897206895187
7.5601842136422297
1.8800702957797857
7.4368376336129831
1.8865154871835894
7.3017051215984372
1.8927639143880430
7.2971595723965947
1.8991264013096729
7.3210971661714899
1.9055182896341467
7.2715232010211457
1.9116004652966585
7.1447184051746699
1.9177516445761225
7.2106799215782624
1.9239586206380874
7.0459462575482830
1.9301466183723492
7.1198265943329009
1.9363594462164757
7.0009100422306307
1.9425795037160711
7.0148840363372074
1.9485715237831471
6.9042924482003443
1.9545363489552832
6.8514497743101455
1.9604960419085251
6.8801732135838103
1.9666170392034450
6.7292250997343821
1.9728761075924830
6.7528466418006872
1.9790839562973686
6.6205517371404827
1.9850181341843476
6.5861178104306743
1.9912200832517457
6.7199910912637222
1.9972021823323034
6.6573933274555559
2.0032365159543337
6.5417040112065266
2.0091936256103238
6.4594040411573586
2.0153833012261857
6.4618526766168447
2.0212576992427329
6.5935991497911353
2.0271904511073924
6.4821543643986050
2.0331013231081023
6.3324315100369031
2.0391201754285064
6.3024400028078249
2.0451695744297305
6.3211458082874605
2.0511713637155240
6.2835505815348478
2.0569779932390508
6.1939573350900208
2.0631784700671716
6.1698982683493009
2.0690898080019946
6.1406143226159458
2.0750773184121392
6.0560416462685955
2.0811283146695283
6.1131650724850966
2.0871231631631018
6.0084805182861745
2.0930511583192568
6.0032059984187507
2.0991913483119871
5.9731229171837947
2.1052672686823208
5.9750022402171163
2.1114392022931017
5.8874099632799632
2.1173622094780482
5.8517002302877286
2.1235782519704656
5.8639036092604044
2.1295560852371218
5.8512700896228909
2.1358896939666416
5.8099930061898268
2.1421039627106895
5.7254666841326092
2.1481830173474696
5.6658506509155417
2.1543450537780031
5.6982316481389486
2.1604451941203853
5.6583461196064260
2.1665687721287972
5.5587209298108320
2.1726653851706388
5.5758045089684094
2.1788755383272784
5.5835851909667209
2.1850712298237291
5.6874116977288613
2.1915238610891645
5.5733154491423642
2.1981019878302264
5.4729366315677597
2.2046325260170723
5.4118398617991641
2.2110606280180205
5.3729109889777016
2.2177896788921476
5.3096175802329624
2.2244874193066542
5.3194853038109349
2.2313013536832877
5.3054702587772180
2.2381759214282622
5.3011336277283929
2.2445262774517154
5.2034080083758294
2.2514262126872033
5.2111461873584037
2.2581927812077356
5.2351750474367149
2.2654433368820759
5.1944317428513935
2.2725049974279137
5.1681477194695749
2.2793126729494992
5.1186013160559680
2.2863371524575635
5.1173003847032579
2.2936029720532081
5.1045889905451300
2.3010619514042747
5.0548487824135266
2.3084710394847696
4.9602196471066060
2.3161703853490754
4.9736750258755995
2.3240557932081338
4.9611873513586238
2.3321791227608468
4.9040012537171105
2.3408513937018851
4.8854868522225638
2.3493073163750839
4.8976100710780024
2.3581625929557233
4.9098944808740175
2.3669915944739852
4.9281716405738418
2.3763989271695780
4.8322804942202096
2.3861736377451490
4.8337506370951386
2.3966459516435883
4.7754068069761066
2.4076366418474562
4.7938703214179545
2.4195743517859096
4.8007576775408918
2.4321319407591360
4.7336414305854904
2.4458333973423958
4.7721631428701379
2.4603544129781096
4.7270075324334639
2.4765584328260961
4.7370181174883594
2.4960125381804161
4.7038530189825707
2.5187349970220740
4.7440690372334320
2.5490646386090123
4.8048185443160909
2.5991580196953517
