500
4.7813842394248427
-2.5883308382106112
4.7293770222453686
-2.5371324631358800
4.7032820145918484
-2.5060413340408565
4.7036296772831339
-2.4824268527866948
4.7276266625209722
-2.4624496246123493
4.7523696858262765
-2.4444866892600112
4.7808409327007615
-2.4286324960838268
4.7667300217977786
-2.4140967449817978
4.7676185549248293
-2.4009842231795799
4.7882256515194834
-2.3885434944920099
4.8468516767250165
-2.3764490305117034
4.8856273438780322
-2.3650285212898892
4.9154207540509578
-2.3540958929562636
4.9075331412002487
-2.3440016527696499
4.9251698338863852
-2.3339166380101584
4.9456880898292548
-2.3238389552404550
4.9790480626831091
-2.3143061602639730
5.0246518193503258
-2.3051010264261849
5.1304791624927617
-2.2961089620587782
5.1334958443267791
-2.2872192321682565
5.0626501382181042
-2.2783379471790433
5.1746848886493222
-2.2698903195955347
5.1877270645165368
-2.2617458054692552
5.1800733769679246
-2.2534286626569120
5.3447953633843381
-2.2451044892981753
5.3287837041361525
-2.2370706378140834
5.3470001097819724
-2.2289316713501917
5.4595426733615664
-2.2211927844425579
5.4526640911036361
-2.2131253996842828
5.5069788365134595
-2.2055560410384611
5.4844039234256501
-2.1977703848851728
5.5080468766229131
-2.1902537940591040
5.5334060180173728
-2.1826432764784314
5.6254434776111868
-2.1750811813626374
5.6267735498948683
-2.1675603853397201
5.6956515647901149
-2.1601919859043028
5.8188390382510766
-2.1527201877158912
5.7451719811122759
-2.1453085409176160
5.7352405298595404
-2.1379386616129072
5.8557313011083600
-2.1302533546082794
5.9373913505497349
-2.1232710626729503
5.9237936769712602
-2.1159975486273961
5.9808072095095790
-2.1086954455850053
5.9822258266547772
-2.1015981664364749
5.9597154222992614
-2.0944785633695187
6.1386632717459300
-2.0870528031493722
6.0954276003829140
-2.0799102231748825
6.2336084894370769
-2.0725452279662990
6.2859446954261200
-2.0652196342456381
6.3263907126713157
-2.0579695191120519
6.2951889185157235
-2.0506638134592055
6.2756287751380038
-2.0432476750213597
6.3991993619023200
-2.0360057453915275
6.4186919379471341
-2.0289292297687602
6.4789262833218890
-2.0217508289018915
6.4790833281958768
-2.0145299815487374
6.5234471909715248
-2.0073619461159815
6.5650315836353705
-1.9998880145744589
6.6364173646189561
-1.9927059695206739
6.6456382170958310
-1.9854076547539365
6.7517513994244371
-1.9780415326140641
6.8312088824252628
-1.9708293056814468
6.7596789358659608
-1.9634498715985564
6.8671497415916081
-1.9560712797118069
6.9078809035358129
-1.9487259158195667
6.8922325363053192
-1.9413780490194570
7.0297925619864383
-1.9340741015143383
7.0776982106942006
-1.9266653500562558
7.1165617478091798
-1.9192806992716955
7.2959872707359947
-1.9118359128391242
7.3286643936853659
-1.9044893236941776
7.3584708467012838
-1.8968396307094006
7.4649220038958060
-1.8895599772593765
7.3709197429067101
-1.8817670031513640
7.5363847040368110
-1.8739847604721889
7.5054396808963233
-1.8661988882453102
7.6518838139826695
-1.8586724394423240
7.6978016401832017
-1.8507662234539353
7.8910389415903310
-1.8427123932846066
7.8240054341155405
-1.8348553100725691
8.0414325695925832
-1.8271641383419719
8.0439285188825114
-1.8194025144056427
8.3132353110335444
-1.8115342680844646
8.3762132172226842
-1.8033561675331280
8.2627179832507327
-1.7951866566608818
8.3797836376772477
-1.7871945848445339
8.5250150148958141
-1.7790411120703056
8.4353071858429924
-1.7708528448673446
8.7391819623388169
-1.7625703201764882
8.8304932511920740
-1.7541750619218721
8.9590633122190759
-1.7455720472113905
8.9413710421103954
-1.7373944956808596
8.9578136814294318
-1.7289019555523901
9.1068755864822588
-1.7206713857142282
9.2054689375259748
-1.7124440771137481
9.2728483426890751
-1.7042334365547405
9.1846563267060848
-1.6958189734464093
9.4597893142442686
-1.6868830680646898
9.5676941512702811
-1.6780946354620954
9.6461691507988636
-1.6696097195558983
9.7639939821100867
-1.6607699281498456
10.0277130578725355
-1.6523473062420417
9.9677070092631759
-1.6434848755246789
10.0790215029741184
-1.6348876918315314
10.1759985284642465
-1.6258919390826145
10.1529382634240175
-1.6169295063703182
10.5531374224534051
-1.6080129604809035
10.5715968368097109
-1.5986965872094434
10.5297014725925404
-1.5902196073248578
10.7456765090107353
-1.5813731059073921
10.8681540537879897
-1.5722179894573400
10.9695947784943648
-1.5628481747574927
11.3094539181735456
-1.5535186213955630
11.0836199320737929
-1.5443767773295287
11.4180757341344350
-1.5351019784058144
11.5477972058579361
-1.5260123605180798
11.4760896002364365
-1.5164720105031073
11.5904037289009736
-1.5070518760672098
11.8561621980351219
-1.4980152457743094
12.0944027013428030
-1.4886490477456245
11.9532379771954407
-1.4794288228780510
12.1148721711426219
-1.4699913350003941
12.3447255591934333
-1.4606766866423706
12.3894713601212452
-1.4511571440896149
12.2815854426063904
-1.4413433199445507
12.7287326492073376
-1.4316191961192946
12.6214225713765273
-1.4225451950382941
12.6253502682388046
-1.4128333340717409
12.9682263522997516
-1.4032600961154229
13.0146776583192025
-1.3934131467855526
13.2480423980883710
-1.3837982639620132
13.2311177652649210
-1.3739026737896949
13.3512742445818056
-1.3637856546270724
13.3416937325663714
-1.3535401551261166
13.5025995350393924
-1.3436542579047559
13.6302072663777842
-1.3333245910712979
13.7059272491177691
-1.3232357933810732
13.9600979928060855
-1.3129746147464014
14.3095014128043836
-1.3028421124270202
14.2638201365279667
-1.2929492929707673
14.1458837325499296
-1.2830095132740293
14.4454867963078026
-1.2727411242084958
14.7567681985156458
-1.2624676137651012
14.7178597571014098
-1.2519414500388855
14.8089670100233626
-1.2415585922270453
14.8278276544195453
-1.2314838788434161
15.0884374251929056
-1.2211132968693506
15.1761726094872689
-1.2105683742689339
15.3462697146213802
-1.2003880126435469
15.5068860491688696
-1.1899429982607717
15.8047477749736291
-1.1792916798418254
15.6992200972745213
-1.1687855183380593
15.8926874276518966
-1.1582428846788040
16.0636552810005000
-1.1476840149899705
16.0420035693802632
-1.1368758128315828
16.3232142505920557
-1.1261804876319725
16.4348956316768096
-1.1155447570838235
16.7138382766694207
-1.1046032134680479
16.8751472690234792
-1.0935532174961615
16.6935257466053315
-1.0827907307482669
17.0351588048753051
-1.0715551425628653
16.8269506555310002
-1.0606469852979050
17.2850786472156983
-1.0494682917970062
17.2169965600142874
-1.0384884383029780
17.6789478971100209
-1.0275523246275817
17.5916466685146595
-1.0165599428641601
17.9083961652406884
-1.0054352137282803
17.8967883474329277
-0.9942205136753733
18.1480597489411473
-0.9829176052696079
18.3220063894464182
-0.9714774396625395
18.5707416890909940
-0.9600175379691928
18.3420852855906951
-0.9487656046974069
18.7019655366029376
-0.9374982341701517
18.9372342498439217
-0.9262575950914897
18.7635269126743047
-0.9149744327810414
19.2713897713834079
-0.9034357856559231
19.1811239537516087
-0.8920810381470945
19.5014987607728933
-0.8807076490006756
19.5514663494816396
-0.8691678297424726
19.6743706130262019
-0.8575677279337705
19.8059741093106680
-0.8458431093556057
20.0952858407556434
-0.8343832135302052
20.3662839764352483
-0.8219202662044270
20.7713388204372329
-0.8105975978152137
20.3798576609050954
-0.7990172157095483
21.0578938315948605
-0.7873099851371178
20.5403984523798258
-0.7756160538218766
21.0521360150756358
-0.7639945700220849
21.1098648054374785
-0.7522637270018766
21.6228722735740035
-0.7404972669327425
21.4638946524536323
-0.7288780968783395
21.6267029173865133
-0.7168464360069130
21.5925456023241829
-0.7047506858127560
22.0350940275868474
-0.6926236264890892
22.2292004774559011
-0.6806549254602917
22.2123840540824311
-0.6685662793128977
22.9013733454652311
-0.6569215804032230
22.5772694847456989
-0.6453122464171436
23.2954818736629683
-0.6329556555328524
23.2607843879328797
-0.6213081903050011
23.4233882229022541
-0.6092779966863059
23.3628112067705693
-0.5972141961337855
23.6996349538549929
-0.5852293776979424
23.3139022355481949
-0.5732384216250535
23.8229039978138637
-0.5611968767939406
24.0038899944679436
-0.5488731666209821
24.2757138105263195
-0.5369276229033173
23.9029882954974049
-0.5245889917826798
24.6349520363792180
-0.5122562044948522
25.0587588883889119
-0.5002512106006780
24.8006149393470992
-0.4877679418485690
24.7982044344931900
-0.4757677109182829
25.2625615331670517
-0.4634960892253132
25.4110636597406057
-0.4511015631352328
25.1209684415120051
-0.4387578780613969
25.9895911192044657
-0.4266769754422179
26.1025462665123271
-0.4147910045130978
25.6962022833998418
-0.4025482679700515
26.3896474470582518
-0.3899183128118490
26.0203526547114095
-0.3777643960325161
25.8086731388490556
-0.3649477582473464
26.7265777025367797
-0.3525553939189230
26.4087345666525977
-0.3402439171899221
26.6652399176185426
-0.3283331786593133
26.7418375273365392
-0.3160412254134413
26.9246623059716939
-0.3038836393287367
27.4348056186936411
-0.2913362280215336
26.4714893516201535
-0.2789677573442357
27.0060154775392682
-0.2665988915752141
27.4961503952544746
-0.2538968106422174
28.0210147299692416
-0.2418063504947026
27.7384572705283112
-0.2293204085269512
27.8420079532953011
-0.2168809343855980
27.9810686567060856
-0.2045544526178427
27.7935163309527837
-0.1918629862409001
28.4415553662673339
-0.1799923324347454
28.0516763994238971
-0.1673677850693164
28.4133881085102189
-0.1552226719723210
28.1968248523880511
-0.1429536954984261
28.2240826921462897
-0.1305872778015998
28.2124980900935007
-0.1179112989211954
28.1142511539021527
-0.1057484692649680
28.4393324087838479
-0.0935684635302643
28.7578428030423012
-0.0814109406911335
28.0636829714031393
-0.0690472458944081
28.5268009093950816
-0.0562893119157892
28.6273290396252698
-0.0438574883441391
27.8282072374298082
-0.0314879823061311
28.2940240045903835
-0.0185213488786246
28.2701568062883304
-0.0063231780821235
28.5239778728916171
0.0059986873504000
28.4643231498052423
0.0186349442519230
28.0199634528896873
0.0310368577760193
28.4397460892810621
0.0436466707130336
28.0573788365763122
0.0557741763404135
27.8829270728117891
0.0682296309774782
28.3144029234217243
0.0807064495225487
28.1436969850861729
0.0930132101847283
27.9200431928491923
0.1057183678464189
28.2585891033128469
0.1181328677641967
28.3991322119600831
0.1304999485574602
28.0405380896103686
0.1430351335504361
28.0872643613711972
0.1556948298808698
27.8902898845315583
0.1681442848953015
27.8916588886441517
0.1806595319117012
27.6661626315109785
0.1931133784691437
27.5640465684914417
0.2056073452870140
27.7441519899256583
0.2178641164901126
27.3533078140855608
0.2302817041638511
27.1622320695990993
0.2427936900996889
26.4350885650884351
0.2548453888679548
26.9979714824067685
0.2670550611752346
27.4483166836791597
0.2795051317229430
27.1458735358077874
0.2914825930282944
26.8658273145036546
0.3042835317138123
26.8120196968180977
0.3165221626208781
26.9545895400147444
0.3286887771318471
27.2048522805596455
0.3408479637611426
26.6164031960431409
0.3533064338967267
26.0699908993672551
0.3655238701682655
26.1544010593885474
0.3774870819595416
25.7950214464540615
0.3899790080259830
26.0075544915688397
0.4023589327217479
25.8445077288820713
0.4143909262435951
25.4308393709136524
0.4269413246211225
25.7282408426540208
0.4390894574699176
25.0248536985070764
0.4514034073312829
25.6906443619026597
0.4638298634678072
24.9400888297401373
0.4759986792326757
25.2311426171402999
0.4883076217362471
24.6885594824179080
0.5000557237930326
24.2815702242512081
0.5120112312353019
24.7243822082844034
0.5235517324644805
24.3727951735603234
0.5360435642559896
23.6073115058041658
0.5480733298493018
24.0874102351062831
0.5603063094614176
23.8057651300857280
0.5720679847527637
23.9292281970863101
0.5841816681205165
23.7787389776994118
0.5966581879484200
23.2506027761760841
0.6084758197595891
22.9835238096430565
0.6205922566197406
23.0568382827512295
0.6326745897679642
22.5314877027705656
0.6449491063390415
22.4188781264737678
0.6572232941211834
22.2046232122042255
0.6692044457091124
22.1480532889110933
0.6813994712882360
21.5545670898508206
0.6928152785137547
21.6055879358273515
0.7047698734500953
21.7159144256547449
0.7163252612104587
21.3045130751016956
0.7277557753073838
21.4032447319362511
0.7396331974368453
21.2860205735103172
0.7515693632198529
20.9456063897664535
0.7633928740770135
20.5918858160196585
0.7753028161433857
20.4441834247875320
0.7871688099173823
20.5743502854270019
0.7993478588411023
20.2128451645181180
0.8107939395071492
20.2515694837541567
0.8223584674816102
20.0502246476496353
0.8339981560036532
19.9543623068088927
0.8452908656461358
19.6014226664966067
0.8571542792187611
19.7227351187043531
0.8690379721295536
19.3506960769518059
0.8806178175951767
19.3897298980238730
0.8923078103551499
19.1950053247469228
0.9037306846589095
18.9294582546369305
0.9152405472731159
18.7814835643805402
0.9265813366233759
18.4816175132673592
0.9376597930013127
18.6277735059993574
0.9492241039528831
18.5602407332791657
0.9605506359405261
18.1621553035529679
0.9717661649360724
18.2308432119455119
0.9830057140064489
18.3492543057997501
0.9939136563737355
17.8402598789791256
1.0054736591384088
17.9459228512467739
1.0167153537397022
17.4602019548240577
1.0278351796506677
17.4967683311645352
1.0388925237088205
17.5632536543926143
1.0500551924983366
17.0799992230265651
1.0610635388486283
16.8390767252263061
1.0718621501212247
16.7545032579011668
1.0821744048318311
16.9120005468646930
1.0932897347902102
16.6310389932638216
1.1043442143975111
16.6026657968403697
1.1149707472525228
16.3651065922839685
1.1259046611390247
16.0358420337189074
1.1367873886397550
16.0262220101886186
1.1472849870838591
16.0578356705849501
1.1578567866659752
15.4862821732168481
1.1684491954232870
15.6052862639231531
1.1789755460621987
15.5413341268284775
1.1897427583214915
15.6190038011248706
1.2001415018161807
15.1502217376962172
1.2105524012658389
14.9306510544037359
1.2207989317800696
14.8651469317400693
1.2309325679474659
15.2323112036754047
1.2413103829559560
14.7851853328052698
1.2514601097927565
14.5195995960179616
1.2613308556928795
14.5656778604426158
1.2716491592492385
14.3366060542645020
1.2821258898282506
14.2978999034974983
1.2927911159307131
14.2047597204154812
1.3027991150203395
14.1389519939408750
1.3127414943674374
14.0137051747044641
1.3228562521318177
13.6827511125283259
1.3330276161861945
13.4492217276420316
1.3432085003743564
13.4485658488510822
1.3534193056084494
13.0650538658221969
1.3630905188115057
13.2453941712072645
1.3731469616670424
12.9566060470785001
1.3828797488644158
12.8805113488747214
1.3929722817177055
12.9007130109919927
1.4030647176427127
12.5734981483404589
1.4126010516423453
12.7008875026177890
1.4222480590772564
12.4779955332124590
1.4318759701287882
12.2828938593045152
1.4411972906372437
12.3778170521968054
1.4509822049625349
12.0492921699514763
1.4604717395359426
11.9924943571726690
1.4701969406902398
11.7943428182638250
1.4795585938033240
11.8004124484290625
1.4889941633715784
11.6240126663830221
1.4983914949181882
11.5846956790291653
1.5074967108447928
11.3047075525684768
1.5170681456028263
11.1955249020041183
1.5264116357385220
11.1858494902502024
1.5356303402887188
11.2018535657981495
1.5450972903535769
10.9659725484770867
1.5544035327535728
10.8649888665899095
1.5636505166495180
10.6987351561984259
1.5729804223119532
10.7113349152636310
1.5823475473386093
10.4934580630143373
1.5911868676502590
10.5486671697432470
1.5998485020129056
10.2582114318528497
1.6087815924437723
10.3783138957448173
1.6177375381741983
10.2392964291060728
1.6266885596039369
10.1348549941114872
1.6358338263023104
9.9578906505797065
1.6447190470175030
9.8466634549640322
1.6535633812875956
9.8481756020286895
1.6621262442073288
9.6773688124471082
1.6706721707116987
9.6224551874845066
1.6791200634879184
9.3777638722081953
1.6877252816288275
9.6626636708019795
1.6960787772535324
9.3156948157580945
1.7044256538973896
9.2335347001045243
1.7129332194653795
9.0741763462709564
1.7216354433955727
9.0328756061260584
1.7301243402309430
8.8649093376825938
1.7384291772985088
8.8643859869479407
1.7467423667901052
8.7315479202743962
1.7548375765776529
8.8026755063362430
1.7631087643497634
8.5406722077656845
1.7709881376055516
8.5542991781758992
1.7795065799023220
8.4432881832394386
1.7872309487480313
8.3371166229342055
1.7953603924417230
8.2426278676465721
1.8035161980928587
8.0838385858882056
1.8117463192260530
7.9507913842010014
1.8196285020795238
7.9892705202880094
1.8274172663429229
7.8696226785050643
1.8354134391792867
7.8451911454485739
1.8429991026013997
7.6958817460613957
1.8507469217700754
7.6314537623540302
1.8586004102197564
7.6597856253288654
1.8665488862816493
7.5246357119929783
1.8743623666854734
7.4955780914929049
1.8821472888633375
7.4709172403013273
1.8896339079894282
7.3045783055488087
1.8972834519133590
7.3935460932995181
1.9047966280135089
7.0926673091243231
1.9121847775595686
7.1451590694035048
1.9197354135399294
7.0868755212978920
1.9271748763379049
7.0403036366188498
1.9344351443198700
7.0784504256286134
1.9419771139982731
6.9912747343303474
1.9491778027153808
6.8166858191938262
1.9564947697813353
6.9154630124246630
1.9636407622527594
6.8434823542562047
1.9712180475683612
6.6813618286249454
1.9785947478521417
6.6292127314617071
1.9861892199535753
6.7686700334718504
1.9934095140835735
6.5327531999743158
2.0005725398519676
6.5668564531279916
2.0075468435091399
6.5541090170557421
2.0145957871263129
6.5832716929826560
2.0219354413515713
6.3497406361829549
2.0288727298801632
6.3580712016020060
2.0359459887454552
6.3546411379310088
2.0430760596114403
6.2801375632310910
2.0502387572566598
6.2768420168800754
2.0575544873068230
6.2453195550839045
2.0646490815144976
6.0517284252715360
2.0717495282682510
6.1336996748130774
2.0792914072225095
6.0587382603494904
2.0863328105223853
6.1154687399844576
2.0937577822104894
5.8920138365359085
2.1012374674534913
5.9613097770301930
2.1082994059719176
5.9491272344419812
2.1154725182087550
5.8922109541649910
2.1230348302993436
5.9469172013215070
2.1303442012663205
5.7752869679784515
2.1373949401715255
5.7401062099119757
2.1451536412330183
5.7576291488295546
2.1525367135435540
5.6477038137768893
2.1598206520851959
5.6635054751949232
2.1673725178185497
5.6471973787188379
2.1748394142945009
5.6010665059913389
2.1823743329682097
5.5280177338907341
2.1897971785925612
5.4847842270471512
2.1972825012953816
5.4439398887837847
2.2051359453832422
5.4474849275034991
2.2132119826972403
5.3850867203281387
2.2211261660378963
5.3389133281985730
2.2291526737596379
5.2397404011243518
2.2369304890961370
5.2516031287503857
2.2453990018224093
5.2972641099288724
2.2536633130065695
5.1759576506001217
2.2615762910834647
5.2372480511919308
2.2701548224307593
5.1410645695764705
2.2783557075331684
5.0652773357477168
2.2869146527805362
5.1142667137806495
2.2958912818109130
5.0659334771908551
2.3048206612898179
5.0373935011613957
2.3137241670982602
4.9848685259167258
2.3232729344006864
4.9126296774431246
2.3330363107658516
4.9207948984694028
2.3431409742423082
4.8992144797034527
2.3535071298142323
4.9364879998166460
2.3644012002876806
4.8784089046779355
2.3756902400007234
4.8013806715338134
2.3872361922853202
4.7958269637726030
2.3996487370336461
4.8171638980105609
2.4133844599972507
4.8149354889015150
2.4283824180976565
4.7613645935766238
2.4440852803416733
4.7546895926990418
2.4613751756222801
4.7345419605481345
2.4811452335133328
4.7100383728225976
2.5054371257216603
4.7417338357010479
2.5374518914437174
4.7870523205385949
2.5900090418168360
