50
4.6761491666295703
-2.4324918532634512
4.9171385027639571
-2.3231435726005087
5.2126154147428876
-2.2395680170966159
5.5822374319903414
-2.1636485764796132
6.0370231621558039
-2.0911144539946944
6.4960766809475876
-2.0220160311901516
7.0020927943627553
-1.9502640747409132
7.5090765524602574
-1.8747223612446642
8.1549714074738731
-1.7950027956630568
8.9411079475604947
-1.7102076798809442
9.7943899483881598
-1.6251597109554003
10.7581652507690855
-1.5344132580029293
11.5234200586379352
-1.4447960445467554
12.2463387647716520
-1.3433191120256855
13.0472600067332039
-1.2447840429872246
13.7032693900707816
-1.1302042291196619
14.8246458196771957
-1.0301123812220860
15.5369338490582347
-0.9057795068560998
16.5447828361093663
-0.8049115153160569
17.2037473684765878
-0.6711769558773524
18.1267173246644688
-0.5670878475726694
18.4858658385098877
-0.4274485508675764
19.6747560383338396
-0.3221871740739635
19.7514876255146312
-0.1797975385152813
20.0566728090513493
-0.0753694113548265
20.0769021061453579
0.0699383440948489
19.7916398100430158
0.1730434108259421
19.4749534584735784
0.3155418664252808
18.7179746129708455
0.4224983413440757
18.0568704471265136
0.5599892811730972
17.1589858030218601
0.6659041257824319
16.4981173725397170
0.7977266598128608
15.4869646620319124
0.9020715902402262
14.8293915230744346
1.0254518524334348
13.9705201463102444
1.1260770312627644
13.3463603365117098
1.2367007350546459
12.2592124925330079
1.3348897234458301
11.4191039654700024
1.4388228639005531
10.4388114825508804
1.5307065694580775
9.8862870137625851
1.6218365946538431
8.9824220807878294
1.7077774814273512
8.3090935597342082
1.7889183783242579
7.3519435285818142
1.8691675018169474
6.8915230084674794
1.9444418294921968
6.4906022213131314
2.0161280929639447
5.9790318629424357
2.0874066158552713
5.5957036769454946
2.1587439197362936
5.2494288509634242
2.2339641451033017
4.9360376180116514
2.3163362778726704
4.7006886690328473
2.4279004443756609
