95
4.6944431214004023
-2.4857685856002396
4.7660251631152653
-2.4015778728944537
4.9128516463084821
-2.3426811438276047
5.0259201544222671
-2.2930402142914939
5.2978432906289470
-2.2487480094387271
5.3985349099629145
-2.2071815467984179
5.6798007005687214
-2.1687379041543542
5.8313738229118135
-2.1312810605329311
6.1352581490607632
-2.0931535142631992
6.3295442773627206
-2.0548724318056850
6.4746504888140954
-2.0171347393305332
6.7563275758656083
-1.9785373701351490
6.9918668683001419
-1.9408893328559644
7.2603792537930616
-1.9011975244051385
7.7095725987264405
-1.8613663860528975
8.0174912071841611
-1.8193950879187775
8.5415938042282793
-1.7768300320307497
8.8610280673402606
-1.7336737453050250
9.5180305049635319
-1.6885751515251648
10.0031483598534656
-1.6427933732289866
10.4554049813352368
-1.5958344524868187
11.0590683442972679
-1.5492266142815947
11.6835966730144438
-1.5011303467635748
12.0781202447331300
-1.4522799737819163
12.6900421587978691
-1.4004535926294244
13.2315390431598825
-1.3495072209012366
13.8033831964073848
-1.2960473982080409
14.4286643083454962
-1.2415119237394978
15.2064950338452256
-1.1846657738161701
15.8116589142794659
-1.1297250185473648
16.4124726402178354
-1.0712217128068382
17.1180672475614664
-1.0136334103112363
17.6735873806382671
-0.9527766011812966
18.5322721390892724
-0.8951323962661623
18.7266313424514976
-0.8335009626244582
19.9079311672071633
-0.7737132873402390
20.2205384589348114
-0.7105307678437607
20.9072409440611438
-0.6494036512128420
21.5347622443236872
-0.5830626399635029
22.5837790594752583
-0.5214388024625597
22.9221041534060426
-0.4543960010001962
23.4374528548201368
-0.3923007761250888
23.9361054269440245
-0.3247424479540516
24.5545730736998209
-0.2642657285185785
25.1739480922013037
-0.1936015140723917
25.2554596955765440
-0.1329614186966341
25.2689342485773167
-0.0647364342816619
25.0075565856637247
-0.0022361655664014
25.1769722988470335
0.0675462824125033
25.2395215703716325
0.1290616000280634
24.7939696459592582
0.1976024936781445
24.6967191080452118
0.2593909223232220
24.1156566080795400
0.3269402859453749
23.9196780138904401
0.3900536065051058
23.0167212301257749
0.4564617023018013
22.3150135686253250
0.5171838911569475
21.6363537356654909
0.5836976700739331
20.8695168287317685
0.6447341395816583
20.1118102967619912
0.7117955719860926
19.5496262729771786
0.7706164431009519
18.9887835098304620
0.8340912798334624
18.5655222182263024
0.8931682011897245
17.7365233969321139
0.9562588746017788
17.0853208897194584
1.0141451794337890
16.3539700040864417
1.0729445055888116
15.7761315873376198
1.1284196581459471
15.3515341718697869
1.1841245404865639
14.5944525446922704
1.2392133558658902
13.8829816529500736
1.2930149330617524
13.3121800268021389
1.3450155490866675
12.6721799088650418
1.3986955588548351
12.1270071172726386
1.4499886207442856
11.4384467780005892
1.5001199668147596
11.1416034743085071
1.5491563306599472
10.4586944757143847
1.5974975945074283
9.9699851073945922
1.6435799606189712
9.5746242167582523
1.6890703913974543
8.9185533494208578
1.7325868305666001
8.5024399182199044
1.7750978743964267
8.1710634980468946
1.8171881193157360
7.7103494723143573
1.8592109052147747
7.1546445265552912
1.8996107436310679
7.0271066668443174
1.9391090149774737
6.6561457338281809
1.9768661655210846
6.4644982318094959
2.0153138466701486
6.1833747451201679
2.0545474066914236
6.1247376947789247
2.0919022675387233
5.8077772150801241
2.1296413311538633
5.5680457180365170
2.1680717546226336
5.3599959292352022
2.2063710850107463
5.2367860911791464
2.2483819878775253
5.0666126033733638
2.2924783092764147
4.8813872739369630
2.3417440257106699
4.7741054140508421
2.4026634663092716
4.7137204070132039
2.4846196173986761
