250
4.7210653732698571
-2.5516262537821013
4.7272190176136775
-2.4899959244794254
4.7537418893319874
-2.4511480145688176
4.8013874243643420
-2.4186896129058639
4.7693864905699037
-2.3922192876136745
4.8476492103922029
-2.3684729964508420
4.9255059142576050
-2.3470174339002670
4.9516676798905692
-2.3281913748568477
4.9713849547167390
-2.3095147605925801
5.0157109883445177
-2.2909072076130785
5.1979209269726718
-2.2729699346432048
5.2852525951243710
-2.2561379760231763
5.3177166994813625
-2.2393123942446236
5.3665798244078031
-2.2240482797570298
5.4818457137624250
-2.2084898473441763
5.4520454797775200
-2.1931869891818514
5.5493383227933286
-2.1779169202151665
5.6665177027321958
-2.1628297446556926
5.7220599097773865
-2.1480793016144561
5.8131634806007559
-2.1330874406418157
5.8375207148840174
-2.1185940420031324
6.0269586432613806
-2.1041423817799294
6.1332455998314837
-2.0899814491556183
6.1561887064530936
-2.0749689512141964
6.2468492549964258
-2.0605326214421371
6.3773311479802270
-2.0461908460468199
6.4073822700575507
-2.0313747705493332
6.4204229878268189
-2.0171855872707161
6.5306293455459477
-2.0027009627146519
6.6818570436201972
-1.9883182519133267
6.8389675061000625
-1.9738270337916650
6.7614456428748388
-1.9588506969936033
6.9937267104138838
-1.9441432411739150
7.0143259218003191
-1.9297625599956050
7.3011161063327883
-1.9154110771330373
7.2715013174723566
-1.9004026258576590
7.4678769596644177
-1.8855705472009736
7.5892799876535246
-1.8699815427810997
7.6557439509576897
-1.8543033299470548
7.8765029217837084
-1.8387402334456135
8.0901037557146580
-1.8226187474692366
8.2256036974688200
-1.8064517394940736
8.3438543998874692
-1.7906410709665501
8.5222796368889409
-1.7745937783088281
8.6379560816227343
-1.7578863994042837
8.9418964089432222
-1.7408281777240655
9.0906736525123737
-1.7241988383041118
9.2074290649569406
-1.7075114082338112
9.3971255561330729
-1.6904838495893433
9.7377748213550266
-1.6737657987047083
9.7416680621802687
-1.6565817753630370
10.0668538288805927
-1.6395059379720420
10.1854659230555011
-1.6220038026104819
10.5992263842359620
-1.6036893499573173
10.6280519752050004
-1.5857516772366593
11.0212418020359113
-1.5674729204293127
11.0945890699169798
-1.5490205797515733
11.4047177772970549
-1.5306724498819619
11.7734899006444387
-1.5123009575316069
11.7832901685772065
-1.4937232833873431
12.0933883639913393
-1.4756059205640457
12.1789114529469398
-1.4563645554836921
12.7469627365866867
-1.4369251084419730
12.7754875616517118
-1.4178384057424844
12.8468247059912688
-1.3989343112513124
13.1530271766846205
-1.3779841409826161
13.3948749153782085
-1.3583298040418375
13.8006917261576980
-1.3384601358942252
13.7130952501525591
-1.3182244936817742
14.0792107910235575
-1.2978144810190289
14.5037415718468399
-1.2779334693035429
14.6799706284604170
-1.2567513696694803
15.0468322584157939
-1.2363313270981675
15.3150594671173188
-1.2160809186763466
15.3573260238033242
-1.1951814522802549
15.5978402494649639
-1.1733565898500204
16.1741227518774231
-1.1523220503601919
16.3194717473779711
-1.1306665187569473
16.4288121331816903
-1.1084316586391187
16.7704437864550400
-1.0877998883620241
16.9931308989227503
-1.0662864086083057
17.5563388245361551
-1.0435547793090076
17.6095818051698814
-1.0216474206984698
18.0227365517815770
-0.9991170134429570
18.2818705485092714
-0.9771026612578119
18.5528903416152495
-0.9548454245749494
18.8572324016833583
-0.9321860274001832
19.2089843324971490
-0.9087948699609995
19.3914128102068304
-0.8858712629955543
19.9359370631482129
-0.8629595330529206
19.8436359128628759
-0.8406296529681930
20.3567851644823996
-0.8168463688599673
20.3916535311492098
-0.7937376210883085
21.0898127800583879
-0.7702227581786080
21.3135363286356601
-0.7464577087438304
21.5820010597440692
-0.7219933063689021
21.9145844954239521
-0.6987659441693662
22.5935064001813508
-0.6750731315488059
22.4193438942776702
-0.6506497510387865
22.9145010225850072
-0.6270258489876421
22.7604851274010755
-0.6025020889681602
23.9078470887373093
-0.5787302755419605
23.5879841721506729
-0.5545511038141695
24.0581852567096774
-0.5298961928319890
24.7204296360038782
-0.5049924344289738
25.0336222610642167
-0.4810712711537945
25.6410202563505933
-0.4570994269215533
25.1787740347003925
-0.4326116282664882
25.8461559354593362
-0.4080086611503007
25.8746441278242365
-0.3838491766126596
26.1877270026783577
-0.3593224514871545
26.0015920088985730
-0.3342851472636897
26.7533104049296746
-0.3095813900675723
26.9185475843794286
-0.2845714001909739
26.9609876615986046
-0.2598941696363478
27.5139355961635133
-0.2351205118806200
27.3307581680055378
-0.2105832307821527
27.8256857830359117
-0.1860345582109322
27.7033759210324000
-0.1611170819150098
28.0296314595233689
-0.1360903491588242
28.1863336470105850
-0.1119735461303197
27.9364438246209446
-0.0871530845112971
28.4669642016731359
-0.0620487176682014
28.0491849385710594
-0.0372202621381393
28.3534587067046715
-0.0124438861214763
28.0917977217925916
0.0126386070143283
28.1378810013719267
0.0375297140441077
27.8703748874137638
0.0628584779788064
28.0198616880801090
0.0873487330238789
28.6608616241620808
0.1120241447141573
27.6885050995969699
0.1366151126779288
27.6174673969028106
0.1616196475756472
27.9078405167374513
0.1867869017881284
27.1091477045975502
0.2113060903600414
27.0958157448729580
0.2363174689431353
27.3415316840317608
0.2606998508124848
26.8325519736729170
0.2855269018932138
26.4859769311257871
0.3102614235236291
26.6829356811988845
0.3349428482789079
26.1932626053166580
0.3592111999702803
26.3081472723909577
0.3837775993515826
25.9117891736356540
0.4080395615926686
25.5764185192232958
0.4324691929574628
25.1591930871793288
0.4572909479046487
24.6777436211553578
0.4826999292553024
24.2327888612313238
0.5065779870176289
24.3179199788498153
0.5303938677662977
23.9427704536856503
0.5541916390672407
23.5052423701646909
0.5784182008952188
23.1822076501706356
0.6035073522441720
23.2332649037132200
0.6276000303523643
22.6218231286000133
0.6512061537849264
21.7104226488753937
0.6747518986589007
21.6947567736455404
0.6985270258289478
21.3615528006246862
0.7225662213755824
20.9758843800532482
0.7461262408468613
20.7511877341330120
0.7694636726573278
20.4297022361470084
0.7934043903414592
20.3175910912964497
0.8167265233903676
20.0472398656113029
0.8407368876112234
19.5854079011992752
0.8635123031269919
19.5999618941291693
0.8866804022955282
18.8797139224437736
0.9100476645622431
18.9366617351670570
0.9331393124803642
18.2708088184548423
0.9565520790797359
18.5307615879353769
0.9789609905902895
18.1187922686513865
1.0007708451294843
17.9372669203681667
1.0231479385909892
17.3684362755782580
1.0451216526634595
17.2833678674854099
1.0672073295997386
16.7651701092936456
1.0885967124598832
16.4025626739963535
1.1106526101286827
16.4315153798900511
1.1322952599581926
15.7367052038321162
1.1532651515494181
15.7489857876916446
1.1744926146428756
15.4389228931364908
1.1959837607876702
15.1208576232819656
1.2167686458265463
14.8182741268820504
1.2372872553612813
14.7095841272487000
1.2572436605424262
14.3748902383494066
1.2777920567574859
14.0343515362940696
1.2976566834598842
13.9478405546190913
1.3178322752790039
13.6730479954464350
1.3388190701058691
13.5979018953970581
1.3588459633661840
12.9829930040589421
1.3784311221462038
12.5739485321324338
1.3977859057324991
12.6997825188547360
1.4171936662816951
12.5793822652914553
1.4368710686369697
12.3230545655197368
1.4554924672122940
11.7997651017930352
1.4750766962795105
11.7088231952909094
1.4948557295407205
11.3872032810467214
1.5134026320206000
11.2809247931616508
1.5320738976126351
11.0129269431141878
1.5507559826196597
10.7863692741423485
1.5691911112895376
10.5473850217517136
1.5875410778315417
10.3030523052045719
1.6056685210196231
10.2046799708294067
1.6232860752724685
10.0217836131668037
1.6409170613158368
9.9201168525365180
1.6580837120244423
9.8155584684568904
1.6756695492150937
9.6394115626388572
1.6923511269585507
9.4451618065506047
1.7093162649365194
9.1928881889885350
1.7258330622816338
8.9776733020909028
1.7420858250885392
8.5228860861553883
1.7584463833242974
8.5783200601020582
1.7748259578590668
8.2510332406817763
1.7907630156648440
8.2035988880336284
1.8070664281336200
8.1457789677141736
1.8232647416449166
7.9289443480221653
1.8387318223239981
7.8208054208757671
1.8544574973804901
7.5005637158490588
1.8703328549658720
7.5354541745337089
1.8855082280595785
7.3563276640065567
1.9008066543167677
7.1209057435394820
1.9158026671470969
7.0140061952668455
1.9304868615150761
7.0320182098357948
1.9452574318526146
6.9239266045099708
1.9599422003320948
6.8089702395631670
1.9748812760171586
6.7457558276341194
1.9895624984966445
6.6327788701620527
2.0038395168998040
6.5210300674180566
2.0182468679611136
6.4196809996779427
2.0328063398065441
6.3811663425674947
2.0468933905779569
6.1989433435782990
2.0610978750364621
6.0638073796617480
2.0751900522809246
6.0960578502496103
2.0900213352323047
5.9048879360408817
2.1045234094933596
5.9384232953826350
2.1188775354262543
5.8373237885765361
2.1337462989717597
5.8230199947167991
2.1480600042627485
5.7238015352110336
2.1627323548351454
5.6066054959668623
2.1771239594504053
5.5348480745585409
2.1923205763424187
5.4151655640923009
2.2082290026781535
5.3915221012585306
2.2244917528147643
5.2254854206350210
2.2403666472675576
5.2221683491369717
2.2563779569966784
5.1909162581025541
2.2732800935737099
5.0575172925676730
2.2903899683392361
5.0428031202473651
2.3086591787873680
4.9981883542602041
2.3276689863140176
4.9817796389883178
2.3477582931102980
4.8573951041626300
2.3687416147656966
4.8129482330626052
2.3925005784238946
4.7873906065926413
2.4187076288778271
4.7732366189631064
2.4497636714758966
4.7664667556863076
2.4896093573224216
4.7554514100150183
2.5505136473625152
