125
4.7065132784230750
-2.5065880540204826
4.7177382565919430
-2.4300763163854318
4.8561983464665914
-2.3775474905586091
4.9357784345422324
-2.3351859976735714
5.0422680754316449
-2.2972867012235625
5.2097103776004170
-2.2636382111310138
5.2972377795034609
-2.2310340353785278
5.4396825389741910
-2.1999023009317975
5.5493786632393682
-2.1707516060382384
5.8580986467830787
-2.1411608710785965
5.9496941808936077
-2.1116805845312019
6.1564410685430877
-2.0838438173306240
6.2778698545732290
-2.0547820022800067
6.4632879894378235
-2.0262884133901577
6.6131387289714736
-1.9966135794710216
6.7218554855024966
-1.9671851540613883
7.0597574814327748
-1.9378978878341928
7.2377875179890463
-1.9085336615190203
7.6583002089807319
-1.8782334378080294
7.7327905907822947
-1.8470164167407079
8.0030548036259503
-1.8154055487974436
8.6266684975494350
-1.7836533426671548
8.7463790492851565
-1.7508358282243717
9.2722935324476570
-1.7170238487506151
9.5569069400816531
-1.6831855528652959
9.8909457362542526
-1.6471053930530875
10.4093166339457941
-1.6126680701017795
10.6808898445290446
-1.5767341171478810
11.1439579657553693
-1.5399681909762066
11.7762597117485512
-1.5039084413004871
12.2663615531833194
-1.4672568995772957
12.6198070574140253
-1.4287379119632602
12.9969321227964301
-1.3897162701820522
13.3076916077660119
-1.3494161401276215
13.9264725420031912
-1.3095296549743558
14.5818188562619788
-1.2698815668886909
14.9074630231378187
-1.2276521300353995
15.3059627488393488
-1.1851221950676605
15.8225667394255272
-1.1418983256870110
16.4934780300916515
-1.0980079534312277
16.9594084129792222
-1.0541341662558963
17.6094986364206711
-1.0110148990048247
18.2564156634017039
-0.9659775362104648
18.6988864277322158
-0.9207352519038011
19.0042693005442835
-0.8749731684129267
19.4222918569941498
-0.8297084037295042
20.2306139045072406
-0.7818890427515042
21.0193364592865777
-0.7367779251353621
21.4972915442528567
-0.6878371696452286
21.7548245985015214
-0.6402603592366416
22.5391464941505575
-0.5901523436975660
23.3380988361974424
-0.5438348865037588
23.6212838323424208
-0.4939726592700311
24.0611874455724539
-0.4470054614672397
24.3444303341749091
-0.3960410285282024
24.9589141884079595
-0.3474097167106685
25.6735972773582262
-0.2974998216519328
26.2468489575458115
-0.2489503044261815
26.3503320655009396
-0.1970579362233836
26.6885780162244295
-0.1497759031799264
26.5014483340130056
-0.0993532134418474
26.9025805114241265
-0.0508363442724118
26.4508897248151982
0.0001231228176309
26.6228008598421226
0.0481500261373668
26.5693559701933459
0.0992032321066348
26.1965006731784911
0.1487943428255496
26.1568540972809203
0.1985634657051960
25.7502520142826441
0.2478285608104250
25.4594624016991240
0.2984853683838593
25.2017574086835232
0.3462237953424520
24.9640764420355410
0.3967418920188661
24.1891138540374619
0.4454400295550742
23.6182367915201574
0.4943949632381972
22.9842201456956445
0.5422888237125993
22.8693208685832801
0.5914383219277835
21.6683100536394591
0.6381652079722291
20.9219993089662282
0.6870609330860437
20.6544824221123200
0.7341469233554934
20.0192053984725149
0.7822350426891050
19.5405959675645704
0.8280098147954865
19.2565826415874604
0.8755082543658621
18.4972880153395742
0.9217762773549195
18.2148898815980189
0.9679429148563555
17.6717795994831022
1.0120564723010983
16.8027938068306817
1.0565287796924938
16.3787875485134222
1.0994134534057403
16.0046496341365696
1.1425002039272860
15.5656908661844646
1.1844334372367011
14.9106723662260503
1.2271682453753088
14.2377527523763536
1.2682873224612674
13.9120841364993133
1.3080185234560679
13.4731749356733594
1.3473360919071156
12.8981196344711471
1.3880316681583904
12.3391043000449940
1.4279198636646768
12.1512263983811746
1.4661327534992141
11.5080412748155485
1.5029417504954565
11.0790901415664660
1.5401957165322100
10.7972804379862026
1.5772678344887330
10.2668646764677352
1.6134638090737483
9.9385756401667251
1.6494242462569382
9.8018970645725911
1.6836925684664523
9.2355953276466582
1.7166994890587812
8.8190934885510099
1.7497874169973133
8.4932413522864643
1.7821114539732805
8.0865390840442135
1.8144440975137595
7.7317266779468090
1.8463132266241988
7.4365880920122418
1.8770991441221518
7.1253670075633897
1.9080669278748510
7.0234656452873452
1.9384730884780808
6.6640706143610347
1.9670459389961479
6.7320541702794836
1.9966839541564247
6.4422210963659419
2.0260626844032070
6.1945764810421036
2.0539221410425572
6.1664302941947930
2.0829077279233621
5.8545382321993227
2.1109911599764573
5.8152721337957241
2.1405924551731954
5.6215696817458820
2.1694619196545317
5.5014428564775724
2.1991492940819404
5.2672710218378187
2.2299485539272230
5.1522758699046340
2.2632781742133643
5.0631829251658420
2.2970365203375476
4.9671866126016360
2.3336578220088144
4.8487539952394938
2.3770998327899915
4.7641359433737325
2.4313125149723245
4.7254002695706054
2.5056533772361540
