60
4.6650938989687605
-2.4491789635450982
4.8756062554691528
-2.3472876813729942
5.1124059392874130
-2.2720712470826649
5.3959360528933251
-2.2064509104817498
5.7619346537552643
-2.1470758408282884
6.0906477196706490
-2.0857335579593288
6.4786577509340555
-2.0261825003048881
6.7487326824795995
-1.9653742663652869
7.3957757240649986
-1.9042857578511934
7.9310557712343455
-1.8399611232409003
8.4272025223002363
-1.7745766706854311
9.1181328602886076
-1.7028015323736170
9.8238572516052596
-1.6303513540326195
10.6795192496872602
-1.5561696867096944
11.4470295377757356
-1.4805946972816380
12.2244212836113775
-1.4001625495585481
12.9862888579024762
-1.3186528462500380
13.5689504316494016
-1.2296186062156409
14.4418606227352289
-1.1451449687791668
15.3782317436374107
-1.0491008697443982
16.4213973465395888
-0.9609992230638142
16.7688656380043177
-0.8599071072407407
17.8966669360014130
-0.7716634896751744
18.4456162034213378
-0.6631985334525664
19.4632332132579755
-0.5719714207009668
19.9570159015483668
-0.4613477716541985
20.7625589159591541
-0.3693981988833800
21.3139468438029596
-0.2547164929950484
21.5943296664450699
-0.1631007720842635
21.7006309877186077
-0.0462944184004702
21.6623104052685811
0.0429847809825841
21.7120131962928120
0.1599366484419435
20.9889671899789150
0.2495625623733808
20.8393463022699663
0.3664521362949419
20.0847860981246420
0.4565449076545408
19.5153404907026058
0.5673098273230238
18.4547594021217627
0.6591260810098585
17.6028623813150773
0.7671221086840792
16.9419908584291221
0.8568319600652471
16.3857509795470051
0.9590508748475749
15.3869120399402100
1.0460233104323005
14.5973221186469218
1.1413759664205760
13.5891864601579204
1.2235201060151624
13.0723947215779788
1.3137989010698268
11.8959296528530292
1.3951553661387304
11.2868282581458050
1.4785925546479717
10.6427219874482919
1.5543721931593089
9.9184505554497022
1.6289315459946241
9.2642413733014077
1.7009996680231401
8.4239846755638830
1.7707598970567873
7.7800979084327411
1.8363618864224891
7.2251625897391865
1.9013545894219233
6.8103776625377126
1.9628229337624103
6.3818734069358634
2.0219921695886565
6.0276461142700768
2.0818864682616405
5.6908230808506914
2.1415732822669193
5.4322528661487883
2.2038877827836512
5.1190340770992284
2.2684003894221272
4.8873083718556165
2.3435663697536628
4.6881691085485722
2.4464328029144609
