85
4.6774353929728889
-2.4772709469412559
4.8037373633139131
-2.3886238850338946
4.9248056483534652
-2.3268722406190760
5.1012096644522336
-2.2750420173784742
5.3332499041796435
-2.2272585433296013
5.5866283516249124
-2.1830829078834348
5.7699525412918780
-2.1404866860672458
6.1087407252249077
-2.0987559222278804
6.2956478030585039
-2.0560734418986106
6.5802354306819764
-2.0128970830929593
6.7674483696858285
-1.9700676736020084
7.1720664283721440
-1.9280839404456491
7.4012563490375456
-1.8834736972669976
7.8804429456724012
-1.8378359967504152
8.3753025634242313
-1.7910287492453001
8.8083440175322352
-1.7421690846247131
9.4066134377825694
-1.6913323003556859
9.8905875158747119
-1.6404373159731964
10.6357004299773052
-1.5880759393245434
11.2042944333518673
-1.5355259880540506
11.8440054095210048
-1.4809516051469067
12.4912756700525893
-1.4262740181836755
12.7227904969754988
-1.3681038832201287
13.4182086499346038
-1.3106800724348668
14.1565398903666182
-1.2488441736087226
14.9370224424775380
-1.1865203684039924
15.4209363196993667
-1.1229463496948651
16.1576183575641679
-1.0595200504795101
17.1385188393077037
-0.9922239784049025
17.7248770380804643
-0.9274944128154342
18.3210795299731615
-0.8590665496000681
19.2098498664752917
-0.7930847468957670
19.6947569794787540
-0.7218696790776565
20.2148544907795618
-0.6542738170115058
20.9065167008103643
-0.5790626247480111
21.9769607409920766
-0.5107763988200683
22.6824237843809087
-0.4356425929754297
22.9977350455908045
-0.3674320383829268
23.6301498874729390
-0.2911946059086974
24.1631793971369042
-0.2219209943461000
24.6402434006925439
-0.1449321880246459
24.3058556801522840
-0.0786837421613044
24.5330089353189997
0.0015536591561427
24.3524772392022193
0.0690373046353616
24.3956039417084085
0.1481212671181810
23.9327613569003930
0.2158049600926974
23.9702712685552619
0.2931346449169387
23.1737760000705748
0.3618161417693896
22.8473432109224248
0.4378426368128760
22.0661825872747634
0.5047860715190483
21.4361818917697882
0.5799060665969483
20.3953643333910151
0.6470723613677930
19.5192590130489485
0.7218970287953285
19.0608184112851546
0.7874659862034467
18.4924752495154507
0.8583217418573915
17.5482249561082853
0.9248240021364209
17.0692791989752024
0.9940647076548298
16.4005416475213011
1.0566013848964717
15.6061751103836990
1.1220555218549364
14.8912339129615425
1.1831360092796199
14.1251958861791209
1.2463669685554732
13.5206955147070360
1.3050662654187946
12.9440120028511796
1.3642958820219206
12.1401589455238224
1.4226625222901592
11.6597609235579593
1.4788098063161883
11.0959584477771873
1.5343038439485728
10.6779806679717932
1.5888975184002656
10.1701181460791759
1.6401863172979951
9.3105722922821315
1.6915031317461415
8.8340059945548255
1.7398346955947352
8.3908110586630240
1.7868386076412450
7.8571610094690936
1.8332532887926438
7.3806849976681477
1.8805826131147523
6.9729199839678158
1.9252009469313149
6.8199582056820640
1.9674915991940438
6.5416649729234351
2.0109607072945241
6.2474235220716370
2.0542646580104837
6.0080010551041685
2.0957154696771911
5.7278188978320044
2.1378043458218015
5.5000361570082328
2.1806497798127120
5.3021166870436671
2.2250156272713721
5.1476045808652247
2.2717614840311633
4.9544357605228218
2.3252437579952172
4.7392142703959816
2.3885035773771763
4.7305396330431133
2.4745422259486825
