29.1063404236573575
-2.8125681369672142
29.2779192412939260
-2.7626685463797576
29.6816612323902334
-2.7302319863736098
29.2861090810552760
-2.7067228893425388
29.7317473407722872
-2.6876277330042448
29.5807942529190022
-2.6710894189444581
29.6358105174243320
-2.6568425108416740
29.8577844604448615
-2.6432733964061037
29.5554534942600853
-2.6308850055123605
29.4705174824640999
-2.6192908268279962
29.4397868492827648
-2.6087492271952493
29.5865183574488064
-2.5983850830575759
29.3598631361365143
-2.5890809200431542
29.9950886394902767
-2.5803073130809153
29.7460649409699407
-2.5715931517990653
29.8075908136846373
-2.5630294021702102
29.4887894758671791
-2.5547887066489006
29.7894883260968335
-2.5468574184217649
29.9145335206404397
-2.5397419967238655
30.3126100564372472
-2.5327247387710923
29.8591612420698915
-2.5255713834660476
30.2001081864059913
-2.5186543281976514
29.8578783187153824
-2.5122332441446527
29.8986399186457064
-2.5056037693730273
29.8662750338839267
-2.4991668529306779
29.7687791673005968
-2.4930462336389949
29.9520152404942159
-2.4867727018851977
29.7965043916466144
-2.4806587402969105
30.0813224020258261
-2.4746435723792684
30.3684905001101768
-2.4688849065919767
30.2785942855669212
-2.4631501187231546
30.0665492493564912
-2.4571594495966198
29.8889581522723766
-2.4516047447424167
29.8002586994706817
-2.4461058637979578
30.0760216044477779
-2.4403046415437673
29.9633853111047834
-2.4350517183821414
30.1792267667996228
-2.4292106715717474
30.7489139061927830
-2.4238193751996548
30.2431388183157033
-2.4188467935817139
30.3084098035119993
-2.4135001191141425
30.0597020687665832
-2.4081494428562178
30.2391504741874861
-2.4031133752224703
30.4376184608747380
-2.3979656974038601
30.5452171836059634
-2.3928796347132724
30.6532032757575017
-2.3879941015506834
30.5064908937733108
-2.3829747016501890
30.2447894696015851
-2.3780291935438091
30.6126990139982205
-2.3730671701873116
30.4694191489222241
-2.3680375276933887
30.6306618084737288
-2.3631234966684600
30.5835422692858607
-2.3581979611538593
30.7737837634686358
-2.3535321944239205
30.1873926525192076
-2.3490077647199121
30.7804801453842956
-2.3443439949862848
30.6880404991060871
-2.3397666685067957
30.3296884249318026
-2.3350092915471654
30.7980336254119997
-2.3303597330974308
30.9583958033669262
-2.3255703589756904
31.0807699045804178
-2.3211066056438123
30.3151675083488890
-2.3164545509449361
31.0945875460705672
-2.3118703398675016
30.3580869115781056
-2.3071874373146444
30.5775739600303673
-2.3026179158625411
30.8617446954344992
-2.2980698869454677
31.0623488892545403
-2.2934299473126707
30.4392875269670498
-2.2893446091453824
31.0314081909834627
-2.2850734844291671
30.7821871804379903
-2.2807824003088322
30.7067594754171793
-2.2765457378215426
30.9417040150064722
-2.2723064052078046
30.8325898916651155
-2.2680242840058433
30.8603844360717652
-2.2635986953383478
30.7698300923626356
-2.2592464469444118
30.6525115600058875
-2.2547751324080716
30.7920278380715686
-2.2502400490308379
31.3047845717257118
-2.2459629811610249
31.2094668802026227
-2.2415568827958898
31.2888413404780366
-2.2373338324106906
30.9868136556905256
-2.2332296429966734
31.1707170858399962
-2.2290805646381426
31.1973921277533393
-2.2249127763684333
30.8950415041231743
-2.2207937705603378
31.2038583873087454
-2.2163592912391992
31.5163188612428762
-2.2124765292979509
30.7562596401503434
-2.2083111805813198
31.0377866494368213
-2.2042238075315002
31.6589568051398018
-2.2000556488563712
31.1036850693085150
-2.1958841294010005
31.4888774607175002
-2.1914550822154415
31.4148935178923665
-2.1872588490201270
31.7889933613319791
-2.1832309410802773
31.3224126301387571
-2.1791161452243646
31.3128724552803703
-2.1750847392099160
31.6452555164680049
-2.1709939060010806
31.3932601138668730
-2.1667533206035205
31.3642084116080646
-2.1625285894445456
31.4887044180068756
-2.1583266847077485
31.3235964322616631
-2.1541288827765674
31.2551907897025174
-2.1498952756030336
31.7681700840274601
-2.1454710153773018
31.6984753210824159
-2.1412735074068352
32.2673177542280811
-2.1370017967636215
31.3939006727564838
-2.1329985453511235
32.0381326321698907
-2.1287996849165838
31.6252014493715237
-2.1245380624671397
31.7171879048906895
-2.1203960749398871
31.6912581515939138
-2.1161587601849798
31.9223167527381158
-2.1124842580120076
31.8195745038144899
-2.1085669209038698
31.7332419295455352
-2.1044293074802862
31.2438178260775885
-2.1003373829838154
31.6461280838761816
-2.0961879519512081
31.3221557149395089
-2.0918206669219850
31.8129077513295329
-2.0879694839119978
31.7482919578051757
-2.0838955176711997
31.8006518068105422
-2.0797356554180184
31.8305436808858282
-2.0756991209635638
32.2352771494381116
-2.0719561928391919
32.0097559199114698
-2.0678438249287789
31.9078721109829466
-2.0635640688785686
32.0518555010803112
-2.0594388086431170
32.3148269281095608
-2.0550203064663228
32.2635098434502083
-2.0509566910842345
32.1119088741903198
-2.0467565438273412
32.3031878239672494
-2.0425568058837791
32.0351084653065357
-2.0384926806131083
32.1231578652247691
-2.0344259499924422
32.3884019869440962
-2.0304103591102991
32.3444009171465154
-2.0263018369441266
32.4826906481633557
-2.0222176314902232
33.0955376345121906
-2.0183602842301664
32.3336752023889105
-2.0139949173432621
32.5186249328847481
-2.0098758452796028
32.7335052791616761
-2.0055397125743082
33.6144556795810630
-2.0014972517083001
32.8191846479716887
-1.9971510294472237
32.6358378217630829
-1.9928612732225892
32.3569822847412851
-1.9886559656283125
32.6465612280455630
-1.9844900882033618
32.5530340195824053
-1.9799942867509703
32.7420764274557925
-1.9756991850449264
33.2683690351027010
-1.9715312235745821
32.7915513091735207
-1.9673847144230905
32.5609821814432436
-1.9631571052154373
32.4469169286934260
-1.9588661657585251
32.5992033585332806
-1.9547110356168969
33.1201892638099977
-1.9503379038598589
32.7697725711896624
-1.9460252631511059
33.0315927440338299
-1.9416494279786694
32.4598957841434910
-1.9373419718146663
33.1134659384183720
-1.9329099721847569
33.2840379997794216
-1.9286239175872080
32.4722435147829955
-1.9240604037056450
33.3469163455630948
-1.9197828789214206
33.3844728179644932
-1.9153318387034890
33.0992595245391996
-1.9109510510865326
32.6723718909804006
-1.9065753784694950
33.3725838005935174
-1.9020796255616097
33.6931090474432438
-1.8977038237974604
33.3275538392184956
-1.8934089745089315
33.6314843107378039
-1.8890960413993727
33.7351335476711753
-1.8845722106006793
33.0338325470253835
-1.8801688142113384
33.6229163928133659
-1.8756332242339768
34.1934351699426600
-1.8713958183273534
32.4680746844562265
-1.8668164077713825
33.4556988519728549
-1.8624951506347300
33.7822319933878106
-1.8582965923873440
33.2808616335792635
-1.8537890711746248
33.1241001368699770
-1.8494584406520931
34.0645916850680308
-1.8450948346365019
33.0997887362258538
-1.8406108283450022
33.4910962647105350
-1.8360353077684501
33.0844648431361108
-1.8317615199128041
34.6218238771687581
-1.8272575147741545
33.7301961243907584
-1.8225301980102249
33.8105046723141101
-1.8175922956441368
33.9387374639904138
-1.8129513679011864
33.9036063444815525
-1.8083790818048928
34.4847357497944316
-1.8039017265548858
34.1273091354505524
-1.7992585047474656
34.4823803580535326
-1.7945373284835520
34.5950497269894086
-1.7899440035547995
34.5124511422343758
-1.7855022864628489
34.1546606443571363
-1.7810082883490352
33.8302420228567584
-1.7765379302372157
34.0948816799302392
-1.7719481404938946
33.9278391787698723
-1.7672064891477492
34.6287701584166214
-1.7623468561695250
34.1865159986491278
-1.7576468012234661
34.2168646001275008
-1.7529329300535381
33.8872893404553182
-1.7483738552343160
34.8756791383756024
-1.7436290006610642
35.1750648616126682
-1.7392332883547472
34.9465424222156855
-1.7347037933101126
34.5601693747805925
-1.7300677060398422
34.5622485686666039
-1.7252164969124462
34.2815707758515344
-1.7203358655663135
35.4995473653949105
-1.7155597448856581
34.5733032253868515
-1.7106836939869818
35.0391267794299850
-1.7060112956349001
35.3662522621053412
-1.7013702881139272
35.2043586399779187
-1.6965405864205265
35.0605528588241597
-1.6918706057354542
34.3104977214603366
-1.6870278042754869
34.2829778899574578
-1.6822451516174151
35.1469834445347828
-1.6775254864070592
34.7590414452994736
-1.6727560757833801
36.0583541249362156
-1.6681401202234820
35.8960075753811694
-1.6630139448369623
34.2724111911495513
-1.6582094786061172
35.1473398443556775
-1.6536392409996923
35.7469803803679440
-1.6488016180204821
35.5876420613312376
-1.6440321226674703
34.9792183045947525
-1.6389536372304372
35.6411552096490851
-1.6343619932379212
35.7395816892674318
-1.6296620536375246
35.3987379048028146
-1.6249659695249470
35.2965318089342901
-1.6199637008081611
35.9216912390606780
-1.6149904028213158
36.5670364597962489
-1.6101903099759396
35.6071653227922553
-1.6052699622975477
35.7026827361669348
-1.6000789280599308
35.6395345166312012
-1.5955324286228931
35.3394546574162902
-1.5907376118154652
36.0441726836830583
-1.5859822099737744
35.4645425778631562
-1.5813239297514132
35.5563764092289318
-1.5764210924126711
35.5652849393179338
-1.5714623508538561
35.0971163909328041
-1.5664181323012289
35.7349417739626887
-1.5613271546251710
36.4204295676394807
-1.5562834824102341
36.5956026464645703
-1.5511690284746127
36.7153332418016944
-1.5460709591266726
37.8813159494021505
-1.5409303164434602
36.2878336043973491
-1.5361148553987467
36.1463365184575451
-1.5310758556770081
36.7949115221684835
-1.5259650999109040
36.1190879558177116
-1.5210994118745340
36.4876247530814837
-1.5159972702590303
36.9740716968427066
-1.5110322177323183
36.8502117237371465
-1.5057671612980386
37.0320434565754368
-1.5008779976164275
36.7903941685634877
-1.4955608143232204
37.2337502025788112
-1.4905483311888188
36.2246412679452945
-1.4855510410280155
37.0394885000820935
-1.4801946731712297
38.5633452688615677
-1.4751611366646211
37.1592106086898113
-1.4702429938885222
37.7341860754221585
-1.4651612180857034
37.7276794530736410
-1.4600076327931459
36.9320620340595198
-1.4548152625554209
37.5238795674951717
-1.4499766212684833
38.1201415343799539
-1.4449352413050733
37.2987693249448000
-1.4398357623673128
37.9690508514187499
-1.4344797912750686
37.3567883299241430
-1.4294249072856069
36.8074329833303722
-1.4241028080417126
36.8970781623317521
-1.4189138768511089
37.9841253218476069
-1.4139431134920462
37.7679740685333272
-1.4087561225094143
37.0224961971094331
-1.4032076236724529
38.7120565628806972
-1.3982086998495629
38.6231685103797489
-1.3930396855396061
37.9039033234878602
-1.3877764610201349
37.9049347152067142
-1.3826035863062416
38.3109568179199727
-1.3773681104530469
37.9609878468241462
-1.3717929859283142
37.2995777066975336
-1.3663468743139344
38.8514105109175816
-1.3608927739760872
38.3201240374809586
-1.3556597383004423
38.4994855081896148
-1.3505395017161050
38.7910322892410306
-1.3452946388642677
37.9705254780311563
-1.3402247702426149
37.5589217021049038
-1.3348518872728339
38.5270418134499479
-1.3297024907649868
37.9820297755895666
-1.3243279886550672
39.1142694961344191
-1.3189689301447129
39.4724154529178008
-1.3136627139710202
38.6557492747820604
-1.3080451284099184
39.7493373423703602
-1.3027537795678665
39.0938536549438496
-1.2972756523294495
39.0970435462634427
-1.2916995763270482
39.0862546616736850
-1.2861023139895473
39.6979022956661822
-1.2807264294956089
39.3974246608667968
-1.2754528949065045
39.6449350883455125
-1.2700391817228538
39.9523742180390187
-1.2645067290107208
39.8948136401277935
-1.2589873661053221
40.1594292996023512
-1.2538375432310973
39.6031210564951337
-1.2485144210143557
40.2863038012790184
-1.2428387736138378
39.3751074062695778
-1.2374581868750845
41.0472194004228115
-1.2318627442045889
39.2912799927912815
-1.2264936452364197
40.7394748250403040
-1.2209549436268887
39.6005964100662453
-1.2154593609209197
40.6858950661938650
-1.2099581054258888
40.3711114730718990
-1.2044793057530905
39.5833535521991138
-1.1988633319077151
41.0317275841441429
-1.1933946485669507
40.1961199984784869
-1.1876348979000055
40.8150638808283972
-1.1822121004280719
39.9935386435063762
-1.1764705637191277
42.1942609080492517
-1.1710211462984887
42.0148097332699990
-1.1653921272377257
40.0825332709928830
-1.1598854818336981
40.8074089576746672
-1.1543339573594011
41.0669335169832834
-1.1487087251121670
40.9201504307057675
-1.1431388037359069
40.9425538665686091
-1.1373986065874893
41.2049970570583142
-1.1315466626849859
41.7230477018057329
-1.1256890090053506
42.6090125311047316
-1.1199051196792948
41.7868649772709588
-1.1141370128284067
42.0089113852904390
-1.1082151908566931
41.3903454326503493
-1.1030083574774068
41.3739376242360493
-1.0975966078817798
41.7298431298780343
-1.0918127278628262
42.6989092677044155
-1.0865053680583765
41.5603140657139036
-1.0808929386530501
43.4722849164012430
-1.0752443542472556
41.3919227953575160
-1.0694468812706948
42.7013328085107347
-1.0639536816780204
42.4109937394058392
-1.0579522599038407
42.8258787575289901
-1.0524407157912743
41.7808281365555700
-1.0469815442147012
43.3379851524332054
-1.0413293969149917
43.4710704703971871
-1.0355911402295583
42.4267872353418056
-1.0299323900627264
42.9916373267509684
-1.0244562544515050
42.7168289912942569
-1.0184937520660455
43.8327633866592237
-1.0125360031237451
44.0502291005184361
-1.0064899941259375
42.1605058278195557
-1.0007629633217272
43.1035379819886799
-0.9951655961069473
44.1062045677518455
-0.9893647818272195
43.6726662438468693
-0.9834458995486028
44.2905749775982258
-0.9774334452076273
42.7829738149913581
-0.9713682501144033
43.0941751151158883
-0.9658509848725895
43.8828069546173438
-0.9598535582085733
43.9077826860550360
-0.9543746719710228
45.8300660892703604
-0.9483392425773842
44.5727987586519774
-0.9426855380808702
45.3642867083990424
-0.9367919621748715
43.8209438823504414
-0.9307380986567534
45.4416105660390315
-0.9250469678610930
46.6027998227055278
-0.9190664359662393
45.7054859925691730
-0.9131489584765587
45.2815236361483500
-0.9070031492296831
44.1326547143381163
-0.9010721972768891
45.6101034038938664
-0.8953006886788325
46.7325793782045622
-0.8892214353951045
45.5417109437430767
-0.8833854947619385
46.0628734278576957
-0.8777008634410847
45.3023628043640088
-0.8719147838830639
45.1789763853662834
-0.8658987251263650
46.3290674136472589
-0.8598743743178399
46.9090158160096564
-0.8539587758108103
45.3720186961964558
-0.8479407059517294
44.9728171074701208
-0.8419264445247312
45.9274866023423343
-0.8362709041047365
46.2992999821995141
-0.8303130940786294
46.9193123484972645
-0.8241936577501243
47.0700960059217266
-0.8182523242291845
47.0952316228246062
-0.8126215434335704
48.4123331828098955
-0.8065336434494252
46.1959815702108969
-0.8007449870602990
46.5530464725072335
-0.7947675053853162
46.1208868493943385
-0.7887711108133787
46.3294157076255217
-0.7829281181494913
47.8245087994760425
-0.7770957921137278
50.1562613544345055
-0.7713263044549383
46.4529578603384152
-0.7653820638012518
47.8709853038465525
-0.7594236123232684
47.9522042927086076
-0.7535817489943518
48.9371676472589314
-0.7475393481069549
49.0639843191530076
-0.7414511641968961
48.7461371474375724
-0.7354642083029224
49.5362839177958563
-0.7295695275628790
48.1201030272395371
-0.7238150551674133
49.3482743275853011
-0.7178613391421750
50.1124566196439432
-0.7120965240188991
47.6679565658494155
-0.7060602464470256
49.5549745865124720
-0.6998085487967834
49.4236416251777442
-0.6940212834184564
48.8605703941651939
-0.6884627702033070
49.5276530569952840
-0.6825558335129087
49.9613173883592978
-0.6765504262752324
50.2043242950457582
-0.6704877811230628
49.7379618133607551
-0.6646063384224977
50.2970230925194102
-0.6585419460466013
51.0286419741142723
-0.6522173318221626
50.5362610714638620
-0.6462676203359883
49.5241470088781597
-0.6405243664007652
50.9005575619595092
-0.6344936295623713
50.0359327468655692
-0.6284928014102965
51.0675359215779707
-0.6224004603438988
51.6483561322259845
-0.6160484385169165
51.1680273601778097
-0.6102265499320663
50.6177376203045242
-0.6039673905065815
51.9882080818357508
-0.5979954683557313
52.9152875608278990
-0.5919661749055771
52.5687388607958042
-0.5858093563758018
51.8806401311471674
-0.5799607541277108
51.1405868978951972
-0.5736823772861774
51.4683039436223169
-0.5678371570626219
52.1960825584849815
-0.5618795086462975
52.1255962690372172
-0.5557948217826225
52.8995784677607404
-0.5499815701857952
51.6016834673246976
-0.5438590672542886
50.7523134829955538
-0.5378252406687706
52.4566743315956430
-0.5318064600571675
54.1822875824618322
-0.5257639990473588
54.8289239198446268
-0.5198349858039166
53.5786196222229805
-0.5137402213151386
53.3924804929632941
-0.5077414244727668
53.1939577223450542
-0.5019423969246104
53.3298591924479197
-0.4956854237022772
53.1545039726601587
-0.4893980264888180
53.6007289738346628
-0.4834350146374299
55.4231746738709390
-0.4774537629095946
53.4829164392187479
-0.4716679453011747
54.1223417232234851
-0.4655220277625169
53.8670375933784413
-0.4592658565450234
54.3703960900153334
-0.4529670031183898
53.9044454711524068
-0.4470367587920343
53.2600424521145968
-0.4407353591402289
55.3039461709495441
-0.4345668057647269
53.0189921143216480
-0.4281832990021645
55.7850068880950971
-0.4221681397100120
54.3879886543524762
-0.4157254261731381
55.2883207865071498
-0.4097794814723020
54.8645589204863100
-0.4034877114913097
55.7162397651803758
-0.3972745797869801
55.7584131621239578
-0.3912837392637460
56.0799026197500439
-0.3853139098094394
55.4433422646015188
-0.3790772530884441
54.3069099979386465
-0.3728254715329128
55.2146907568625238
-0.3666301925113380
56.0383265403193391
-0.3605639501563363
56.4355394052957919
-0.3546855310469561
57.1620930911133129
-0.3485530538774588
55.5571756894388287
-0.3427030111775364
55.5626586472268755
-0.3364395808452752
57.7168272341532358
-0.3304700128278005
56.0713184308643733
-0.3241069944022868
56.4371399368919811
-0.3180157974799738
57.3664689143309445
-0.3118182436961395
55.4651953321999045
-0.3057049020639376
57.3684400974235729
-0.2993392690939286
55.7401907980689515
-0.2930246740111550
56.8509195520004482
-0.2866425543163589
56.6986381704358635
-0.2808786767761899
55.9962631083456728
-0.2745304957582581
57.1168177397252776
-0.2683555075063398
55.8304658610891451
-0.2621831005813000
57.2389270700961248
-0.2559239486323525
57.6532453427293774
-0.2498141689873463
57.0828983684993858
-0.2437525925657246
58.2533489247203349
-0.2378771836989030
57.2556844215482812
-0.2315511765753732
59.4513612844184252
-0.2252769794751529
57.0100402259521601
-0.2192969135552706
58.1690608923722863
-0.2130841827118141
57.1672510258206472
-0.2070749230108526
57.7609855439736251
-0.2008971501150967
59.7426040717609013
-0.1950338853526255
57.3988598009463260
-0.1887660047582844
57.2870045230141116
-0.1823185767521135
58.8518140507552090
-0.1762486509628898
58.6831382931678291
-0.1700836453536719
56.8848966406791661
-0.1637598707019177
57.6104026470927266
-0.1575558911638019
57.4558630143369555
-0.1514176135791506
57.4421975507169122
-0.1454260996734481
58.2622238848816352
-0.1388699384123152
60.9039772626017779
-0.1327834551903719
57.7377947994851297
-0.1264811764812337
57.6463828516585508
-0.1200339619387055
57.6517153917179712
-0.1138673037740759
59.8894660407149928
-0.1077880571200614
57.9500238483656887
-0.1015531017753504
57.3500246269823748
-0.0954853780865842
58.3021878359036592
-0.0893211657158454
58.7350304744932927
-0.0832056079002737
58.4815514677977930
-0.0768646405465725
57.7499932602449633
-0.0709766910207571
57.3181204785041984
-0.0647467980142079
57.4832464188685535
-0.0582377918074546
59.4588723169757998
-0.0517859192623184
56.3056012549717195
-0.0455413473768455
58.9297413018147935
-0.0392426074823638
57.8629047365874101
-0.0329797500863717
57.3905049983354374
-0.0270863181974144
60.5134515160976676
-0.0208950391931983
57.8780300710532174
-0.0146062641198065
56.2573450219107514
-0.0084441290669372
57.6605099013001734
-0.0019539103359339
57.9135594473447668
0.0043224463585762
58.3322095435411612
0.0104514322834113
56.0317341432423177
0.0168766426901853
58.1189771421453187
0.0233027042668858
58.6590975331556876
0.0295484670868549
56.5731008884852713
0.0356340961231959
57.6037369050339052
0.0417614788408894
58.5348828158060570
0.0478960065979175
58.6695384099583990
0.0542070725521119
58.4918033863528350
0.0602591493842250
58.6596064103238390
0.0665730583043752
58.7813519226290424
0.0729437015174191
57.9800646848994106
0.0792548148486606
58.4342002132016276
0.0852285293346215
58.7844536072326775
0.0916263409487855
59.0012579909600632
0.0978138879353184
58.2058985107393596
0.1043240074659075
58.7315486844646202
0.1103268872715073
57.6215396459171671
0.1166149451332991
59.2257967989687515
0.1228202409232237
59.9200384110272566
0.1292597832785283
58.4658890149617463
0.1354276381634951
58.5330631010988682
0.1415507143635225
55.5004241730216847
0.1478924041588474
58.9957529257821136
0.1541986992990288
58.4765913483701141
0.1602476894636690
57.3239555974194701
0.1660942451437859
58.0289712022428148
0.1724290308730826
58.1742225681904443
0.1786160595764607
56.6649967182020546
0.1848522090118681
57.9854193186911573
0.1908163464275608
57.2018220771197790
0.1968399808029995
57.3264774584148640
0.2031941109656228
59.0966918235309677
0.2095582551667287
58.1171545740713213
0.2158026065742775
57.7238182935248432
0.2218705552808531
57.2586229666690514
0.2279939638999166
57.4666120425362692
0.2346815621169298
57.7086175712541802
0.2409184608484632
55.9802137662376538
0.2469665329221627
57.5008595909941604
0.2530704191435673
57.0269323918130908
0.2590661035018114
57.3024561830271679
0.2652828665468335
56.0431986518691332
0.2715065755887172
56.6308296133098139
0.2776143352078617
57.2840676932402246
0.2836303079854212
60.7689995252604973
0.2896558231472292
57.6724975187805100
0.2956989256970664
57.5799108666576700
0.3020326484338260
55.6802666106265605
0.3080821816748042
58.4136999370265571
0.3138868395444691
56.0917393021761086
0.3199676820728361
55.9511380429692622
0.3261189305680210
56.3116094211073417
0.3321796259354212
57.6961434666017681
0.3387934421043399
53.6039816754832970
0.3449197448072536
56.6988033120825179
0.3512595807415164
57.5316356288831514
0.3574597746039133
57.3717537160798798
0.3634127941676689
55.5436847119779245
0.3693861634357659
55.5956909029402553
0.3754586439644970
55.6031681041981898
0.3817099371117158
55.1753047849384757
0.3880122493586432
55.5372500182836362
0.3941038602110031
56.1417766036682764
0.3999855427275288
56.7735324646983770
0.4061965941104362
53.9323366280584722
0.4120234155072529
53.3183549376205050
0.4180444888442488
56.7255121869435115
0.4243129420736395
53.9239257393630282
0.4305111918139547
53.4322054807660365
0.4365662140371951
55.4649794085446857
0.4429102151429311
54.7372214193087601
0.4488320535663446
52.5566946672221960
0.4551180678441685
53.8637366012273873
0.4610622744553873
55.2755361928131492
0.4673224701074912
54.2231356557686723
0.4732284827337484
54.7766556958293620
0.4793896717027375
54.3542166343149091
0.4852389232862878
54.8895371962493925
0.4916994479137856
53.1421430551420499
0.4978584041751681
53.4368996322529384
0.5038570631891799
53.3187342906386164
0.5098306000569226
53.0353054397032864
0.5158812994669124
52.5465781374110605
0.5217281074068526
53.8787239146013519
0.5280319177150161
52.9523869938022074
0.5340026667651915
52.1847622080038462
0.5400505708481773
53.9824708583429427
0.5458181104915770
51.4131327592686276
0.5519203247416642
51.9878370509361787
0.5579289707363536
51.8577643156368211
0.5640872600799004
52.4603173470459225
0.5701118191971399
52.7563686668985241
0.5761285383629935
50.5351096760823140
0.5823692426969225
51.5905523455918740
0.5882712441790674
51.9328222678642746
0.5942649919310528
52.6047654449955289
0.6005823423089105
52.4020613652232612
0.6063759207967147
52.0320241315981633
0.6125328143485229
50.2363142899868791
0.6185607367616421
51.5688923113365689
0.6246639521447479
51.1438784352624225
0.6305789976095040
52.2771337963019462
0.6364227563212163
51.9141652195162280
0.6422826096477655
51.0517322259952380
0.6482032926290002
49.8405696656287702
0.6542081248550062
50.4464753624114266
0.6601712844314808
49.1160763648724270
0.6660907354521511
50.4718860815783685
0.6719232204919496
50.7949323925851601
0.6777358363666373
50.5414039465539204
0.6837671605988841
49.9237914687530804
0.6898386622502248
51.5577482293269824
0.6956232591689437
49.0456837126823473
0.7014802852799571
48.0467184941543195
0.7074534261857367
48.2517248637758058
0.7133770663302416
48.0931806005214142
0.7196805214230301
48.0008961439032120
0.7256453039649593
49.0215858205051447
0.7316384572997625
48.5846635482029399
0.7377216921168501
46.9235546841842961
0.7435025596552806
48.3060319581728592
0.7492018382451161
47.2180388276276091
0.7554652156374493
46.5305991945700228
0.7614734146702842
48.9304474487593453
0.7674326677106103
49.0657644898410652
0.7732085642384643
46.7404447439872683
0.7795477594060474
47.3465831825755572
0.7858318996370020
47.3641335311833700
0.7917654934216546
46.1580027250413707
0.7974499477643343
46.7488975861311928
0.8034541146281368
46.1017187009614986
0.8092646766623242
46.8852314904605834
0.8150840063913456
46.5522551967261720
0.8209350738086270
46.8943251872633482
0.8268442552419147
46.7420521909854116
0.8328248769427272
47.1416431507045175
0.8388407231872351
46.8297170943812802
0.8445145304796807
46.8602577271864220
0.8505700013319701
47.0375852040231095
0.8565617016792801
44.6704468823968810
0.8625105062664160
46.1142131258785994
0.8686721155927343
45.2950436152919025
0.8744511513529328
45.4759377875045914
0.8803543461699285
45.0159906525515154
0.8862433494382677
46.5360969601079049
0.8922792010047065
46.1746643358683357
0.8981651422042760
44.6931357621085397
0.9039459266137343
46.6590325345500929
0.9098789479912582
45.4362330831897410
0.9158576155689081
45.4296736620140820
0.9219874517975595
46.0487901022148165
0.9273314034971005
45.3065792267789149
0.9328441948702746
44.1829665964063878
0.9388015436909304
45.4818326272829481
0.9447135529339863
44.9408689133656054
0.9505907280102961
44.8126109695747274
0.9562831036535938
44.3295292477684910
0.9619922175586844
43.1111900905467067
0.9678315637219413
43.7903481029019161
0.9733414218048321
43.3816688234612116
0.9794458279312231
43.5056384279262076
0.9850149940056988
43.0787670059831740
0.9907013077255352
43.4826611008476362
0.9965224836890553
43.6263611201163997
1.0024531462623265
43.4129374165719994
1.0080278952466328
43.3400338735664619
1.0137778132632467
43.2728519125415758
1.0193407037319093
43.7695677635812217
1.0250229322881512
42.7418043035326107
1.0309573280305036
43.0314686697955153
1.0367884596639136
42.8362290206886343
1.0423942392951193
43.8376848110620898
1.0482440516108813
42.0177435872066667
1.0539089948424165
42.6728221961326781
1.0594169458334564
41.8912034521759153
1.0651264222219121
42.3122554014985823
1.0710384391910652
42.0465176684357260
1.0765875137985874
42.7120188212408465
1.0824791441953729
41.8164974553948312
1.0880986381867841
42.2005724478136770
1.0938165321677003
41.2608323401263277
1.0994757998162452
41.2494159120176178
1.1054378878845537
42.1678265708882805
1.1110392188307903
42.2381277155677282
1.1168203477961629
41.4177912791358125
1.1221603282911594
42.1424939518972153
1.1277286225575012
41.8887154839991851
1.1332287233844041
41.2170180801385300
1.1390038516778267
40.5601889523653796
1.1445203748575037
42.3379090458892762
1.1502496960596860
40.5545405637742391
1.1559644378813467
40.8261991230473384
1.1615267591230380
41.4270600687859343
1.1672478164445601
41.1356458882475238
1.1726798879909430
40.5359498806733214
1.1781444604017453
40.9625176080389153
1.1836498187124751
40.6240731202786662
1.1890536962571108
40.5680668280708545
1.1945408500138743
39.6018419935103694
1.2000335093184318
41.6007236646733958
1.2053107322955319
40.3255428877732456
1.2112606860246724
40.3220759864887555
1.2167950297082277
40.3677721025848157
1.2223151850274379
40.6270561463459714
1.2277050365825402
39.8486461406164310
1.2331411353865234
39.5527508180418508
1.2385259420748695
40.8701318603837933
1.2438411997011820
39.2118078704369495
1.2493289286093330
39.1948019759312345
1.2549591026508906
41.0303413753714565
1.2603389989698888
39.2289640373782831
1.2658568299551665
40.3163640252895377
1.2713807230078955
38.6857811239668123
1.2767909711213365
38.8990088570718413
1.2824811657436876
40.2397352156047603
1.2881859741919064
39.4699981313668786
1.2936837348166530
39.4295112739406761
1.2988953997613126
39.8629170889129298
1.3042939883844187
39.7769894968294153
1.3096815283773746
39.1283738889376309
1.3149580674979522
38.8134043778469220
1.3206248789034056
38.5771365029130848
1.3258775018787996
38.4698191556061246
1.3314152553702112
38.4889577725768746
1.3366833341309483
38.5720740021810613
1.3420973964963596
39.5117722456300200
1.3475770083561127
38.7402304533935222
1.3527641332410258
38.5680379697345614
1.3582250682740005
38.2475424163589182
1.3631839832885817
38.1850134975572075
1.3683627464043329
38.2601041233280128
1.3737367749741567
37.4170655677586765
1.3789227875388188
37.8388271031888550
1.3841327246166082
38.2274319362551793
1.3894533126103494
38.2190361483922629
1.3948261962988948
37.5943075223960506
1.3998844575970391
37.9841664480604209
1.4051210721189309
37.4967494820010927
1.4101988179822755
37.9499253595447286
1.4155505014798031
38.1162237143285694
1.4207835625237795
38.2633333069823607
1.4260632321110369
38.0182554369193895
1.4309973898648993
37.3954840891553530
1.4362463972320350
37.1551418756106315
1.4415869563403700
37.2855496017969799
1.4466963143741438
37.4149779307622339
1.4519077534570171
36.3234376583828364
1.4570226848171157
36.7583566410118010
1.4622411136525841
37.4369016418887739
1.4675803713046909
37.3122257926696008
1.4729085345876165
36.9906714666721257
1.4782085168116958
36.2443324542689638
1.4830796858834701
36.0872933453851275
1.4881933631627848
37.2499165503717578
1.4932383062927557
36.4624543909337788
1.4982094394064618
36.5594586914004864
1.5032358046872991
36.9600444126852565
1.5084548242554956
36.3679948605731980
1.5134988915170122
36.6644677823201306
1.5187738229099117
36.2487357153742309
1.5239199794065814
36.1189115265619591
1.5291132663073372
36.1961137387920644
1.5342417610181840
36.8456106588689281
1.5392810105581474
36.2782654628702304
1.5444362281600021
36.3031868450490478
1.5493186078475700
37.0224227874284679
1.5543160911607283
36.0787866029618058
1.5590537724451001
36.6886999665330649
1.5642738471681936
36.1906334782129662
1.5694449632887792
37.0114549812032507
1.5745959266113287
36.1449868040296209
1.5794607717284417
35.8674082702454911
1.5843315585212090
36.0649358083673306
1.5894511420058361
35.9670269543626944
1.5943711049729141
35.8859487384678104
1.5992959793151031
34.6502971808615499
1.6040835509651938
35.3362474182327517
1.6091188161299286
35.1543465551001688
1.6139516814532482
35.5021663114413855
1.6188511687140648
35.2675923461013170
1.6237350389410177
35.3077183920156941
1.6286152183483860
34.4675369386210235
1.6334292603526359
34.8517961378829710
1.6382622672987508
35.6381023389361289
1.6428805013697572
35.2385373759969553
1.6479207088109717
35.3897429038519888
1.6528032049866825
35.7714533871587577
1.6577490642997095
34.1637836864454982
1.6622108311864314
35.1917940634807280
1.6669575406950936
34.6431002353330513
1.6716968567314758
35.2278094566378783
1.6764764951685871
35.2086880611127810
1.6813699337732511
34.6337156369721342
1.6862537008524396
34.9819090414245579
1.6911160677295056
35.2365215207808617
1.6958018533118924
34.4413486812408465
1.7006278339480567
34.2747886382739040
1.7053302914583783
35.2117884570984785
1.7100122296314006
34.3964440974403516
1.7145342121410225
35.1674326366954020
1.7194867153245477
34.3718815735345160
1.7240758627850583
34.8481933751084370
1.7289961602593058
34.9682705879387541
1.7338624597638499
34.7050658983725242
1.7384537471473753
34.2800672276916529
1.7434688130603662
34.6374296009764819
1.7478865013306961
34.5063095667101081
1.7525162242838301
34.4437851679324325
1.7572417578750075
34.8899302117893839
1.7619965821984116
34.7074109924487857
1.7667219783659247
34.7072075747261124
1.7715109473094015
34.5716255405625787
1.7760644107028525
34.1606362385874647
1.7805886704212535
34.3341825610821445
1.7850180915464855
34.9821774036631368
1.7895050161840291
35.1938760416915812
1.7939325516274911
33.5537033768011383
1.7986662926921195
33.6495043731905739
1.8031418425128292
33.5891385004580769
1.8073662015529699
33.7882947070286619
1.8120885296325946
33.9006480023427201
1.8168281384452911
33.4453631485818903
1.8215710518955346
33.4451554219172991
1.8261562836291612
33.6008437286691972
1.8307952239732874
33.5539488567485833
1.8351127698818721
34.3497682202019590
1.8396559957765035
33.2633681680132867
1.8440864167182853
33.4443328494879495
1.8486623205287294
33.7751712405673459
1.8530332841962034
33.5318086290949680
1.8577255574888336
33.2386628417507239
1.8620746518954123
33.7184666697853928
1.8668577209153485
33.7950027287342181
1.8711925881929432
33.2601024831468379
1.8758484890221245
33.6279246410903809
1.8800107769697274
33.6402741108336230
1.8842988899585715
32.6970913555977063
1.8885988211377596
33.1406887974892399
1.8929917114868817
33.4747068247927899
1.8972542352487465
33.1243747198929270
1.9015368994258781
33.0882337873062227
1.9058177519733555
33.3117971467920810
1.9101712565296582
32.9514372813494916
1.9143512693308176
33.1816381531216393
1.9188793829217980
32.8340318251081484
1.9235918514155652
32.8716326239166747
1.9278219179890272
32.9042208148629030
1.9319713202578475
33.6240560143760163
1.9363148978447742
33.1847134085545861
1.9409108252423914
33.2946978771311208
1.9452133986776243
32.6143995265569373
1.9493858974084131
32.9302089928189545
1.9536536520334835
32.9005257417342065
1.9578430000235869
32.6723918775606279
1.9621282418569677
32.5427483667247728
1.9662695386360918
33.0559695427771700
1.9706063637469242
32.8842536492960633
1.9746594096326271
33.0402341620760183
1.9788251524778360
32.5336057254269235
1.9828503275805651
32.8393569098449447
1.9870495785172158
32.2112829287909364
1.9912135307929393
32.1563992268304588
1.9951906034750313
32.4803809222013200
1.9991178588511842
32.9264101652241337
2.0033138299961752
32.7235202995031216
2.0074845729264315
32.5314806916954069
2.0115089888675524
31.9427777459300373
2.0158337084002493
32.8861575467401224
2.0199749588331768
32.2694976169442995
2.0241877215434729
31.9923798345893111
2.0282957811457871
32.5486130067278765
2.0325742457293421
31.9059265207237388
2.0366432808087400
32.3574414012900036
2.0406732159507626
32.0318607955047057
2.0447984618244872
32.0685614199626343
2.0489023504549952
32.1355685374578499
2.0528835979868774
31.8911718391373604
2.0571089575110362
31.9406511825698054
2.0609445962876314
32.2702479702882243
2.0649096095878701
31.9319851797271994
2.0687829773198554
32.1301953882741103
2.0729600558861287
32.1783723768937975
2.0772896904657916
31.4509658607059777
2.0814919586183911
32.3748207428305008
2.0854586254370053
32.0342422855080713
2.0896413417398838
31.5224149785428267
2.0938157130992376
31.9689206500854048
2.0978885755651615
31.7552916156515153
2.1019926056042473
31.8646656652088929
2.1061428316534436
31.6318729898420159
2.1102605534189034
31.9990491918121265
2.1142444652971548
31.7088549689630845
2.1184216776621474
31.2261096954104360
2.1225986088677686
31.9068910019164278
2.1265208820348183
32.1991715296512240
2.1306392952524593
31.8187270473403885
2.1346983500318446
31.5151510087506139
2.1389086329381128
31.2589602650387590
2.1429666226625153
31.7327377113278892
2.1471542965542421
31.0887163347893569
2.1512905380264815
31.5749993809289933
2.1553019983678783
31.4405670042297380
2.1594033697914878
31.1369116093268907
2.1636225489731324
31.3015469972776259
2.1676712075771634
31.4622233584645201
2.1716771350925308
30.8966377863024277
2.1758999842809366
31.0203600876263366
2.1803240050615398
31.2277025956454359
2.1843782091430355
32.2071125544123262
2.1884917371333095
31.2151911970191591
2.1926285745709522
31.1967111558037757
2.1967107911610242
31.1920929783474463
2.2007626756421215
31.2662004833374105
2.2049898031014279
30.4513534778640356
2.2091288357457830
31.5203875108339311
2.2131044861152622
31.2344027379362537
2.2172810465464106
31.5031551744300629
2.2213836429442595
31.1836967443743802
2.2255487832882115
30.9895399086677799
2.2299497480011459
31.2414587763542499
2.2338944124496098
30.5225041235448131
2.2382513252303307
31.3487150403282051
2.2427078549089563
30.9756602759249979
2.2470302460443388
30.7359218980836957
2.2514084052994674
30.7491159132980307
2.2556724062072004
31.3523783066310138
2.2600310621941122
31.4312765766075444
2.2643456082736986
30.4880701376688599
2.2685308750197795
30.6109171041234660
2.2728380941998823
31.0757211945198044
2.2770597238597308
30.8139439527452197
2.2813824146991917
30.7120225214644158
2.2856761893529076
30.3943233989285950
2.2899775710650316
31.0936341837462820
2.2944253806197485
30.9128799933656317
2.2991798799144663
30.8597016839661151
2.3034660763541663
30.9084632354381661
2.3077222962672730
30.7496334465224592
2.3125111225092629
30.5720335584243479
2.3170446038632435
30.8481822681374815
2.3216668105344112
30.5738303649659144
2.3262370565779444
30.6531252682015136
2.3309962599745422
30.1288290896082813
2.3356248595898434
30.3938078109007854
2.3401518439748443
31.1081261985683994
2.3446043323628807
30.7933160233370664
2.3493019523077305
30.3694636500199131
2.3541239583986773
30.5337629506617851
2.3589513582496648
30.6298245335151584
2.3636931230398206
29.8089258811279976
2.3686747673654200
30.7806617749213203
2.3736444015612226
30.6047886162756093
2.3784402636857940
30.3592869374679495
2.3834615396749013
30.1107104385841744
2.3882879349011574
30.4952837285889338
2.3934182193112861
29.9156717332097024
2.3985590252986473
29.9735420751672628
2.4036383210772350
30.3559359550471015
2.4089280174355698
29.9685669550249791
2.4140531617732028
30.1259518090129070
2.4192891357000770
29.9650157346859309
2.4245006319999218
30.1911777299104997
2.4300404597351899
30.2345701605750818
2.4355065798164999
30.2432992781304080
2.4410662771650933
29.7970865900354767
2.4464206862728295
30.2008950790956696
2.4522533141115495
29.9451656195792957
2.4579198988242821
30.0845324268038645
2.4638959523460717
30.3022025897257450
2.4700273252718574
29.9882268404887000
2.4759158611471634
30.0910756426954222
2.4816729471936543
29.7870345035228006
2.4876026029488219
29.9583649121985722
2.4937305884524545
29.6467068386230004
2.5000443621283321
30.0250441379602009
2.5063674446624846
30.2034085768452165
2.5127403543900959
30.1492356381173856
2.5195745348526799
30.0517766902829280
2.5267032808156999
29.8762599583751864
2.5339479485021719
29.7594905038232937
2.5411706615082070
29.8637852874321013
2.5484715170698151
29.7093751002440563
2.5562856281427311
30.1072637730294517
2.5642209826960318
29.7622650418577663
2.5723519816022242
29.8662869446601746
2.5809350694331461
29.6306326005586840
2.5902274649563353
29.3323605855603589
2.6000447850432771
29.3040942923856278
2.6103719610892648
29.6982256910396316
2.6210587601601509
29.4151608938149884
2.6319299587603959
29.5388205203516918
2.6440927825980176
29.2871383200840469
2.6575367809076238
29.4667780482236950
2.6725500265679312
29.0866732804648471
2.6892578372021387
29.3660479614480217
2.7094953865835278
29.4507900404617970
2.7343180912859220
29.3045391106805120
2.7662482148852243
28.7522414411452907
2.8192860192547595
