28.8440836292313669
-3.0133898256792468
29.0884562237434494
-2.9561197214003894
29.1280825601577682
-2.9185161923435903
29.1994935278198540
-2.8921083623230168
29.6642227088789987
-2.8695736387578332
29.0775404496043670
-2.8500360368482545
29.3836518982466863
-2.8340325513075380
29.3565697757430755
-2.8187751099070497
29.4189100559412431
-2.8044310687426512
29.1515032220917547
-2.7914851807184942
28.9802310720141030
-2.7793440146831281
29.1836950208555379
-2.7681154167642017
29.2774522894665736
-2.7569498874084979
29.4790670427059673
-2.7460794867413907
29.3497315270979868
-2.7361614490318455
29.2715856283157940
-2.7263597397977382
29.5438260686118142
-2.7168628135876243
28.9862699788730964
-2.7083989953179257
29.6748616542179739
-2.6994458576864990
29.5749183571423337
-2.6910615593916303
29.7255810677595065
-2.6828196609225783
29.6918283079480716
-2.6748607004592433
29.5147488314320192
-2.6674903255682629
29.5121544401948022
-2.6598010553234519
29.3596273691746461
-2.6525731045235825
29.2700599324500743
-2.6454386476031151
29.4938856990253804
-2.6382260044006505
29.6870786658972463
-2.6311063118663829
29.5282483663565536
-2.6243033762478847
29.8902693754385425
-2.6173739215146656
29.7860522930927836
-2.6106356963465482
29.3380558191986651
-2.6037289075985242
29.7798101320805877
-2.5970097302019965
29.6865272740284389
-2.5907479765941934
29.6885648903288910
-2.5841991314222352
29.4699864255386323
-2.5781782069156556
29.4943157466130046
-2.5718351871178040
29.7952557872410146
-2.5656498534767760
29.8232921094121686
-2.5596875998013333
30.3379265859584031
-2.5536715357270552
29.7959155843194310
-2.5475598050597177
29.7262770245671959
-2.5416719334954809
29.7600281123313373
-2.5356185091778940
29.6904946854930287
-2.5298094506212720
29.5632765589507969
-2.5240553326284880
29.7831303922902997
-2.5181701855646392
30.0467383255265332
-2.5126270494880165
30.2394742724346912
-2.5069046596536118
30.2077088368362965
-2.5013888116085838
29.9917380331596028
-2.4956545030103583
29.7178936187602289
-2.4901135126143381
29.6781688556183916
-2.4845695945379660
29.9906520366325609
-2.4792257256804207
30.1061646101434270
-2.4739535773073049
30.4500055220990404
-2.4684938306348445
30.4025329794835386
-2.4632068011022463
30.3374821837401285
-2.4580340657028121
30.6318293954104988
-2.4528820742344508
30.3856289567327629
-2.4475215315214980
29.6421015266079877
-2.4424334326485559
30.3042965877999144
-2.4369881883578008
29.9693286579548221
-2.4319133488163507
29.9656981884764413
-2.4266046381730568
30.1805939042957867
-2.4214311454219017
29.7938911042954615
-2.4163067919579531
30.1753814150629722
-2.4111863415354642
30.1470504866141020
-2.4063028967316749
29.9742712962476467
-2.4013056827043666
29.9815201928267783
-2.3965807999309883
30.0557943808045316
-2.3917974363111081
30.7014303541800295
-2.3870758809511869
30.2004741701711836
-2.3821866156991796
30.6265915482813718
-2.3775319182416021
30.6998743655880375
-2.3725536547630384
30.6395952139894518
-2.3675831928781341
30.2832584557574087
-2.3626716290718082
30.0791546836388264
-2.3579577738275574
30.3377895296355256
-2.3533294114287648
30.2460300024481903
-2.3486682455343222
30.0315955155648666
-2.3440997614315306
30.3974420299301791
-2.3394377168468554
30.5680049664394495
-2.3342493158182953
31.1508285669100680
-2.3297757890806783
30.7528337959553610
-2.3248960594006336
30.2180644127424110
-2.3203807162367003
29.9053652484022763
-2.3158012372003229
30.4451351930894525
-2.3112491156924926
30.4023116473947823
-2.3066383556428276
30.4569880258141410
-2.3020854023143760
30.4928681227527569
-2.2975154690964299
30.4249776091090176
-2.2927818815899710
30.8793426758093794
-2.2880838774192482
30.1985958503966465
-2.2834637302030680
30.8065870053810045
-2.2789535348522088
30.8238854736111350
-2.2741866918416540
30.4171488156291829
-2.2695740539691731
30.5893181038521114
-2.2648544894795335
31.4914734985236926
-2.2600457946272390
30.7834032260073194
-2.2552888521850285
30.5972635948008680
-2.2509344990404441
30.7470836168942583
-2.2462827109191172
30.5819738963437011
-2.2415658115005406
30.6103000569173602
-2.2367525951978942
30.5392999605510944
-2.2321430800913822
30.7732243672939951
-2.2277017223976059
30.7057125493806637
-2.2232075093396628
31.0350299485567369
-2.2186277469145077
30.9679720986377625
-2.2141764941217104
30.5795442562092354
-2.2096684889756180
30.5486902016677959
-2.2052032958242482
31.1918281130664781
-2.2005204537996641
30.4175235094428515
-2.1961671652025099
30.7557776396273468
-2.1915993835244607
31.0302042036169503
-2.1870776593132080
31.0103999111809046
-2.1826756323835372
31.0721597569651280
-2.1783150460197844
30.7308954657211082
-2.1737256647750320
31.1471843726330526
-2.1691611998575873
31.1353128193922331
-2.1643575898977030
31.2836728269401725
-2.1598859057579536
30.6877466354669934
-2.1552328248812613
31.0361965516132052
-2.1505888509374791
30.9242168658479777
-2.1464086636684083
31.1847704402640318
-2.1418533940635331
31.2893095325447916
-2.1373824559594179
30.9664604229211626
-2.1327425150245189
31.2029403345012604
-2.1281743617284508
30.7654099051259884
-2.1235644449628626
30.9830187337886009
-2.1187028872369167
31.8777284962295404
-2.1139926385334418
31.6479506537015105
-2.1093516074518068
31.6087908113404445
-2.1047183124785054
31.6387081549413480
-2.1000599895493695
31.2502307213672204
-2.0953205203980816
31.4911922718656001
-2.0904895150511584
31.5003540524808763
-2.0859258017010083
31.2567284911298309
-2.0811691878778231
31.4674050349893726
-2.0768175552180788
31.2949657433888042
-2.0720618321733246
31.7760651311471634
-2.0670575245966534
31.5639612483908785
-2.0622788460358041
31.3644372046715141
-2.0576777170437395
31.1429551077283620
-2.0526042741563852
31.3337931230370650
-2.0480125400072402
31.3245492458597816
-2.0433129435158244
31.4860561266583510
-2.0385469371943059
31.6186640290156049
-2.0335938254865167
31.4380650244729480
-2.0287627900831100
31.1818756687375540
-2.0239979517984179
31.5561311701876477
-2.0188624241977480
31.5536684813077315
-2.0142345869098541
31.6211699797814738
-2.0093763305970880
31.4208670693667251
-2.0047582116709255
31.0262534179950293
-2.0000317448391765
31.5013113693913311
-1.9949907929663768
31.8348333492496387
-1.9899997686628634
32.2518532498485797
-1.9849036339650594
31.6365620992123695
-1.9801148102503707
32.1379547648885264
-1.9750814816836102
31.5988960762235500
-1.9703060538935577
31.6579091463990814
-1.9653706046791382
31.7819758451461389
-1.9605362027576112
31.5532614830346390
-1.9556787659271162
31.6373643236447712
-1.9508435628904850
32.1292626216615815
-1.9458790373902297
32.0223470728474240
-1.9410906860597024
32.4163844864796431
-1.9361833352324829
31.6129981861266636
-1.9311924037810397
31.9357012591662652
-1.9262230311398703
32.2798938020869883
-1.9215200744381591
31.9621124204299534
-1.9167728869738687
31.8177662585745509
-1.9118575220856930
32.1392753666717965
-1.9069007869712875
31.8777824297841903
-1.9020386888235521
31.9873219053230606
-1.8971528549222221
32.3363926517286870
-1.8921372151358578
32.4868473580725876
-1.8869962713152064
32.1843636978310386
-1.8821327381191377
32.1136922099748077
-1.8772904178626266
32.0488833991834738
-1.8721668151877757
32.1220686147060235
-1.8670069612055009
32.4499308441061345
-1.8617831970394942
32.6056734199113336
-1.8567039309550175
32.2526664812478572
-1.8515135950007957
32.4726672405571435
-1.8464287535445540
32.5521915796944228
-1.8410161382512664
31.9270708976215083
-1.8358948537790631
32.3069793696474719
-1.8306071176304066
32.3174576898922723
-1.8257723903271925
32.9179073242221847
-1.8208005833420835
32.1190858096620815
-1.8158557762742835
32.4439401085561059
-1.8109129997613778
31.9957722252065295
-1.8057532002063263
32.9482160785375839
-1.8006200555640299
32.2148781902902499
-1.7954917454151600
32.1893230218181401
-1.7904673572676615
33.1695713463947897
-1.7854515161974591
32.7685153892059589
-1.7799789208147030
32.7806820093999107
-1.7749273033838653
32.6901678416712969
-1.7700450133022498
33.0744989440108554
-1.7644415209671964
33.1973906950366739
-1.7594222139272080
32.8128683263299763
-1.7541337604621223
32.6203511687641736
-1.7489011936777739
32.8429315989375539
-1.7437054779269423
32.7379988036806751
-1.7388501483479253
33.0409962677973041
-1.7335570627515613
32.5881509244562722
-1.7284037347813483
32.5188412739552106
-1.7231709199701468
31.9375573001610924
-1.7179379103515466
32.7081907934758647
-1.7126376403437629
32.8267221437551484
-1.7073988750144657
32.9225584270480596
-1.7022553993289788
32.9858426383024437
-1.6970938184264601
32.8665832581221835
-1.6919806293648558
32.8181168897864097
-1.6869192713618437
32.3583459575318031
-1.6816443199646212
33.3706577013688559
-1.6761540854235213
32.7318394735703535
-1.6709018829800637
33.5224546438118054
-1.6653789382147304
32.0730069116208654
-1.6601908699116692
33.5823286225737476
-1.6547650272432950
33.3311790447243226
-1.6489538635737448
34.0718863419035927
-1.6436808851795577
33.1920568647823657
-1.6385740493963543
33.5031069715102205
-1.6335127451416733
32.8323037738732211
-1.6282082447501931
33.5335844284385018
-1.6226945418177350
32.9807640929110946
-1.6175928461579485
33.3176606692513673
-1.6124323178552673
34.0359148327677730
-1.6071717974564850
33.2423014866880351
-1.6020020682157863
33.9496585513401001
-1.5965149586509306
33.4546357359723388
-1.5912482561396262
33.8024107905297271
-1.5855051189550342
33.1208547792209984
-1.5799031578042246
33.2260553694203011
-1.5744376350392615
33.8928133248996346
-1.5690872048795415
33.7651940223219071
-1.5636152416208682
33.8237370670361273
-1.5583542316799732
33.7089710698685181
-1.5528579936285618
32.9888183926753840
-1.5473278115471629
33.5858122614784449
-1.5418737858112874
34.0131337102322959
-1.5364562896886669
34.0720802100601219
-1.5311445096066429
33.5208130293187665
-1.5256685683941071
33.8215683384765597
-1.5204315314741350
33.8768452711631198
-1.5147528574247788
33.7514739653827931
-1.5091442222775502
34.2941357322410738
-1.5034098385766590
33.9797762817244831
-1.4978936299558954
33.6617304802223103
-1.4924501496154114
33.6161586096103377
-1.4870942424436533
33.3823475109024699
-1.4814294174907279
34.2358756164187028
-1.4757446696074705
34.0867029496469840
-1.4702718152210916
34.4426687667147249
-1.4646346169547348
34.1798243829341573
-1.4591589957680995
33.7938798310952251
-1.4536717031256869
34.3135123942094111
-1.4479453801967703
34.4139475166225211
-1.4424594024657451
34.3221371466009373
-1.4368682731878040
33.6724631358625217
-1.4311380990619773
34.1946963151533652
-1.4252283230842728
34.0762318547180740
-1.4196041890925120
34.4850030748522727
-1.4138867471538741
34.5901389299819257
-1.4080056539225840
34.1099649076981990
-1.4024217378224759
34.8944553791777849
-1.3967934590893389
34.7464824256711964
-1.3911413315412819
35.0328013728670911
-1.3854922830906926
35.6978696163835565
-1.3799781285755095
35.3346437710172623
-1.3745006030308149
35.0665526378282237
-1.3689859049480728
34.4726812757307570
-1.3631287102004623
34.5166102237316750
-1.3572804480578038
33.4791232078103747
-1.3515928335458547
34.5125033627238764
-1.3457988833245180
34.2711546690351270
-1.3400274492894473
35.1088394929885013
-1.3343078941544548
34.8762257371107580
-1.3288149259901723
34.7046682851113459
-1.3229414330075984
34.9433568450227838
-1.3176005683653802
35.1026618911770782
-1.3120737694010176
34.4912037134117142
-1.3059953864382980
34.1116019678127032
-1.3003555760949681
35.5665472402846135
-1.2944824498290608
34.9769081401672395
-1.2887597789463821
36.0363748284809304
-1.2828394570453945
35.9542849363338632
-1.2768056072524667
34.5880731203485325
-1.2705496108369421
35.3680732430694675
-1.2646513581102170
35.3655478967466124
-1.2586685986312307
35.6750364089184657
-1.2527500939252321
35.6243640993074209
-1.2472430588775092
35.9071126528591904
-1.2417936761772486
35.1266696266409895
-1.2354482754760576
36.1685644485464692
-1.2298583668026895
34.9655187050577609
-1.2237992601711556
35.0362077610513936
-1.2177128950245992
36.6385948461803892
-1.2116972274870603
36.3252757127195665
-1.2056611608979906
35.3203157864843433
-1.1999887892206458
35.4411726022724238
-1.1943396114296425
36.2807099816165604
-1.1884409538848157
35.2145629571541861
-1.1826468614302310
36.0375327048891307
-1.1770158976963314
36.1535102309236578
-1.1712290578340636
36.1907444501775331
-1.1653408902067957
36.1372034065342476
-1.1594998924822035
35.7007724754243938
-1.1533492098860660
35.7240978580989861
-1.1474192894854716
35.6993843922958263
-1.1413246537256618
36.1484207633424219
-1.1356152884626332
36.4082664123012307
-1.1295333557326026
36.0031666424271037
-1.1237181260117859
37.3344336748099153
-1.1178194067397889
36.7032546620987290
-1.1119458366155441
36.2661378696495547
-1.1058121478668417
36.2763279436732020
-1.0998648474958326
36.5647567234002935
-1.0934529581224246
36.0618841967267869
-1.0877887431724302
35.8451762417033137
-1.0818902488519735
36.0813628389744210
-1.0761527916314582
36.0639281430045315
-1.0703979943670594
37.6895055719710399
-1.0644917277858492
36.4318078334460509
-1.0587945713855744
37.1009682110394294
-1.0525887471957349
37.3915312410630705
-1.0466622436572124
36.5333736674199017
-1.0405910991823661
37.4607254227293964
-1.0346009554285096
36.8584350568836356
-1.0285845818124879
37.1016133673194517
-1.0223158140566297
35.9765947693748416
-1.0164409242540182
37.8152995288242053
-1.0106906149038184
37.0221760933655375
-1.0046255540826796
36.3734776326542715
-0.9986254988274440
37.3827023414957367
-0.9923875087630405
37.5656072449607734
-0.9859185927383273
36.2893943862183903
-0.9801712053032590
37.1830505562632965
-0.9741976106367721
38.3760924648633335
-0.9683315350733291
36.5740519380976465
-0.9623130013772200
37.0728430725188005
-0.9563733569958476
38.1990310347366346
-0.9507208696995634
37.9878607296487800
-0.9451569293371574
38.6246731720488654
-0.9390660941038522
37.8464041938033091
-0.9328349826651888
37.9172108288683134
-0.9264774641497991
37.4520719336229462
-0.9206773977310151
37.3055029914857954
-0.9143753936358098
37.8585321154919114
-0.9083123710555548
37.7336307430695399
-0.9024676932004619
38.0842482043519936
-0.8961398709264057
37.0669968430555841
-0.8902228207274779
38.7460997671525433
-0.8837665246410028
37.7828189871911846
-0.8777826686193252
38.4586467647686163
-0.8721682310463372
38.4988256834625062
-0.8663201790430859
38.8690516874129415
-0.8601845628412551
38.8557582529673979
-0.8539984365267150
38.2377918048048357
-0.8481516372863751
38.1721543051484673
-0.8419514855456713
38.7438687244969913
-0.8358225467715478
39.0673516993445631
-0.8296905307916369
38.6902958358475786
-0.8238342983395402
38.7042257831154188
-0.8181071432768967
38.2073519711512049
-0.8121967005754872
37.9668096298789948
-0.8061397041372449
39.6828193426142093
-0.8001242549930644
38.4168817337603627
-0.7940392976016931
38.5651161248426675
-0.7881332554549959
37.8125567646621690
-0.7821603517480461
39.0227101533437022
-0.7760828727748494
39.5402252525948725
-0.7700701162982914
38.9021382607584059
-0.7640275223140536
38.6967338069068845
-0.7579226595205671
38.5725319287517507
-0.7520338990101152
38.8227583830928111
-0.7458905621935031
39.2206069785847973
-0.7397148218800882
38.7626966853176285
-0.7334392940576219
38.7984723773005129
-0.7271183419280185
38.7038777071987070
-0.7211933967919896
38.5418668409536309
-0.7155688648808669
39.7983676799408173
-0.7099708017783307
38.4156474188674864
-0.7038506103741226
38.6573123353679051
-0.6979433133188538
38.2316429006277119
-0.6918719189842406
38.1691517938878917
-0.6858865125112927
39.1777973735010434
-0.6799651420403032
38.9886027482360689
-0.6741395444825572
38.3498827937038627
-0.6680661084972834
38.7192923002403049
-0.6620466643209298
38.5656383256441231
-0.6560189549623020
39.1203883024042014
-0.6499499326690590
37.9361706997478549
-0.6437770432669704
38.2911618944788401
-0.6375673756678650
39.0695675773091580
-0.6316510193369088
38.2767581043260137
-0.6257211180056137
39.8773183725670890
-0.6197882289086124
38.7663016668560729
-0.6139843843261882
39.1772820191848439
-0.6080004221228903
39.6413191941679699
-0.6018047227771469
38.3937153913471789
-0.5957913408398746
39.9219557917154546
-0.5895195809176011
39.6603208376173484
-0.5835434144234093
39.1546505384643382
-0.5774516508423940
39.3391514742571005
-0.5714501178911913
38.8140655913987942
-0.5652264511141291
39.4358973986457073
-0.5592480476778929
39.4105276433150422
-0.5531060065869855
39.3488852452604405
-0.5467789448036983
40.1421515715897641
-0.5403322439936961
38.9550320947816147
-0.5340670003821747
39.8096880388931211
-0.5278237901843010
39.5584586420646716
-0.5217800774769435
40.0408991127905125
-0.5160456762107178
39.7088577008124162
-0.5099381090642655
40.5522344963002084
-0.5042252920006995
39.7146521371873646
-0.4980229845366284
39.6735317603852948
-0.4917477237822755
39.5994306743031501
-0.4854688939132503
40.1508548395374874
-0.4792175021468087
39.4094604868813718
-0.4731056810177960
37.9455245983613523
-0.4669856219623264
41.0682957936419655
-0.4609792518342071
39.9527895679408047
-0.4549439357900305
40.0248736343541580
-0.4491047137925912
40.9069794208757500
-0.4428673863140158
39.9047461123374134
-0.4367767648510723
39.5082312322896598
-0.4304262270668485
40.1268495218960339
-0.4241701186483600
40.9540958071926795
-0.4178081407978597
40.0908769477490949
-0.4118525362057594
40.7617222282328697
-0.4056388750026921
40.3408857783643668
-0.3994592313534701
40.7369574422948375
-0.3936442141568776
40.5439579728801931
-0.3872648844885452
39.6826585235917051
-0.3811946182220441
41.4193550512210820
-0.3752350939034736
41.0308143197915740
-0.3688139070881749
40.5254839406880478
-0.3627086875106095
39.8520263707415410
-0.3565498787085246
43.0571179329515701
-0.3501217349428256
39.7617145147007633
-0.3438943185323800
42.4109125313566580
-0.3373215934360309
40.5065680194130877
-0.3311074157089960
40.9030795639201585
-0.3250012345455177
41.5496833489393680
-0.3187842282621356
39.6743976984792610
-0.3123918829728707
42.3233843534919387
-0.3061934965543897
40.8294963706635343
-0.2998401320576694
41.3998829167144180
-0.2937314454877596
40.8393548767497236
-0.2875203088758760
41.2066733696281204
-0.2810008206055117
41.2242946264032426
-0.2748966982624749
42.2233409259756414
-0.2687101677268526
40.6786613491781210
-0.2629078069562108
42.1268357132570515
-0.2564024785910137
41.1623398492428834
-0.2504240724149966
42.2996041587873322
-0.2443695139182390
42.0243241777846706
-0.2378950628709872
41.6035557477308444
-0.2319126935442852
41.4520471823030974
-0.2257491845262954
41.4504256641058930
-0.2195724544978924
43.1530180946858053
-0.2134976057932493
42.4563178517950206
-0.2072999061043977
42.0336238078203195
-0.2010265978714913
41.8756805102801692
-0.1948694041326924
42.0616592552508308
-0.1887843100919297
41.4237155273136111
-0.1825890768484372
41.8543056449523547
-0.1762767506957219
42.2063081031255649
-0.1699012335033231
42.3590206769294397
-0.1635476840037051
42.1017726205943035
-0.1577560547778295
44.1344269006966385
-0.1517053517509626
42.0950276456733832
-0.1453416508648833
41.1674262084860842
-0.1390643622604599
41.4219883012596313
-0.1331638100365313
42.5769942098575100
-0.1271728629117885
42.5550904188130446
-0.1206610515848487
41.7329058868281635
-0.1145553427744116
42.2449886059297484
-0.1080649207556633
41.6508298830843131
-0.1018542742092674
42.1257017364909174
-0.0953781223691225
42.8931072918935072
-0.0892145076918829
42.3802535482670137
-0.0832422507534103
41.6887501783089007
-0.0766554455782739
42.0296291196205516
-0.0704506415596225
42.8303371442438205
-0.0642006698800548
42.9158425792321623
-0.0577791731953514
41.1930481569506952
-0.0515996049141642
42.5660950878572635
-0.0455358683268797
42.0008919009256445
-0.0394455948197295
40.8934474649532618
-0.0329062380099302
40.9801168882021400
-0.0266802263879875
41.5642225321751368
-0.0203272072342231
43.4788410387467721
-0.0143099123737379
41.9542727621352682
-0.0083010833087801
42.7341519517084478
-0.0019709756847499
42.8610213776055957
0.0043681881450533
43.1665757908016658
0.0107392664240498
40.6989068512533052
0.0170754667341714
42.4274672334082652
0.0237600140282724
41.7178174177645644
0.0299188165529515
43.9752616471262812
0.0361107690505413
42.7272148992074463
0.0421872110120607
42.7937330934046898
0.0484529954102918
41.6891044200425895
0.0547441794036425
42.5849757975357335
0.0610360070360291
43.0044679846765376
0.0671839707621033
42.2466818029012572
0.0735629058280278
41.8750394184367991
0.0797320040512177
42.7714637279224803
0.0862742741162074
43.6773067984863559
0.0922184251091116
41.4365055777513263
0.0981583287890346
40.9405667270488962
0.1042752814099411
43.0313605134892043
0.1108639905871082
41.5749502392386177
0.1170579081169534
41.8642386365118639
0.1235709023213396
42.3578925440918113
0.1296662047569945
41.5567645168305972
0.1362198397944977
43.6428825959774755
0.1425198775158845
41.1867967934604167
0.1485918178573996
40.8911498639447899
0.1548757366125189
41.4959611035850457
0.1609784103993727
42.7706395209627530
0.1668261230032219
41.8849280589292121
0.1732900916544228
41.9671623380127414
0.1793873357633969
41.0299869788161971
0.1853907969006890
41.8654024385611265
0.1913637945487621
42.0767766843295590
0.1974518276832539
41.9874475074911686
0.2037531304037416
41.8926041654559000
0.2101277391112930
41.6657692158792798
0.2163935521747743
42.5930286536519702
0.2226576937641491
42.3465860399285461
0.2288891760772837
42.6454251359853558
0.2352089076657428
40.8515869882691760
0.2415895756623834
40.5621295281760155
0.2478456311714898
42.4915951716281555
0.2540819845263905
42.6862576763193644
0.2602694687928147
42.0315686513510585
0.2663481349918312
40.8704662503165110
0.2722718416959787
41.7513373254309741
0.2783289254851226
42.0766660491494306
0.2846371412048052
40.6019928871121607
0.2907398503065571
41.4544558577570541
0.2969577352796947
42.0117267815747510
0.3033469836244421
40.9605358771943884
0.3091867945136754
42.0130779785444517
0.3152908033840266
41.7447025006675929
0.3218754663375227
41.9388528551222919
0.3281441091641929
42.0750682967483343
0.3344866957877853
40.9878215280039342
0.3405078624106368
41.6514571089033510
0.3468517444201338
40.2774245988746387
0.3528226695627457
40.4124461065461276
0.3589202173913567
41.6126094977398466
0.3649282014063017
40.5650158516350956
0.3709771178458637
41.7469496494528798
0.3774661454581673
40.4542668360673048
0.3836513774311078
41.3817926725217760
0.3895224198322477
39.5911731801279601
0.3955284821223509
40.4167973006973895
0.4018611719372329
41.1191548258671986
0.4077554075537782
41.9883220449636809
0.4141008226690334
40.5561207659884104
0.4202532728743519
39.2626243171342537
0.4264418319915811
40.7631748212860145
0.4326106389124508
39.5310752528784661
0.4389134327898004
39.3880440797217020
0.4449579588982078
41.3372010007237520
0.4511354285089892
39.4693646242558316
0.4576848235046546
39.0630791524266456
0.4637416178904993
40.7281005797218114
0.4701170589453279
40.0735948864230238
0.4761624425409067
40.7769524633289890
0.4820200369630009
40.1039434131530470
0.4882818073872053
39.5003695583566525
0.4943698686817428
38.7884394321355472
0.5007570871626377
38.8702301702329223
0.5071127230647430
39.5743557997383704
0.5131493504868504
39.8999736459562158
0.5194755711285927
39.7183624664835406
0.5255044117947891
39.3876073369260595
0.5312099558336191
39.4334938026407897
0.5374434141622024
40.4182282453209183
0.5437766445742223
39.9012133439805226
0.5498082640003558
38.7551295417751973
0.5556881144409179
38.9967133840864619
0.5616876304821964
38.4676388768103337
0.5677671108562032
39.0003126944406091
0.5740174245075134
38.5373761336547460
0.5801927048030748
39.8855939695102819
0.5863628485781245
37.5408367980098276
0.5922836844192172
40.7868794188873167
0.5981127508766223
41.0022774613332643
0.6041859995455969
38.0609613663321227
0.6104051666444172
38.7819811418099505
0.6167115133597617
38.2867667457610992
0.6229267778049525
39.4579737444640202
0.6288589456125377
39.9254623375323305
0.6345687883235563
39.4564492190843055
0.6404011897494636
38.9522257985444469
0.6463321610113868
38.9928894781856812
0.6521730220336557
38.5662869015679775
0.6582931379405264
38.8863074647070519
0.6642370482646196
37.5311716620444287
0.6701899417831638
38.5084215033720056
0.6762928470106979
37.3940586828424628
0.6826577901544981
37.9871939347997341
0.6887223947146446
39.4709169156535040
0.6945682524760540
38.8766604274905347
0.7003030602765753
37.9029468078352210
0.7066718257955438
39.0431770258241500
0.7124650010157683
38.5875777220350855
0.7185223689182451
38.6216337452360321
0.7245862286316059
39.0576994944298548
0.7305867000929473
38.3484869635002568
0.7366787202860182
39.2630981227385121
0.7429508116938531
37.6561244650452736
0.7487257626252594
38.3320806962640859
0.7547331644230432
38.5373612305966873
0.7605835197690896
38.1131881969179389
0.7667539979552671
39.2329158237698650
0.7728003578715508
38.9995649552093795
0.7787961866747904
39.2366007163595611
0.7847980340619790
37.8282313194482853
0.7908207456121634
39.5170249738332870
0.7967902500657789
38.5580704015481430
0.8028862234389145
38.4709669870583539
0.8088703917396532
37.9241190747821904
0.8149142292402362
39.7844869840209654
0.8206873826231786
38.9243343107200701
0.8267369531280159
38.2331170154603086
0.8327379612761697
38.3031889102649572
0.8387713420592409
38.1475335610445896
0.8449128142261968
38.9061229835198219
0.8508109629689614
38.0652132314448153
0.8567613785003118
39.5324992672102766
0.8625254168720516
37.9392025049609316
0.8683642425208330
38.8862656493063668
0.8744422007521531
37.7410915864371006
0.8805502932739075
38.4248764220424093
0.8865279184380811
38.0387065166028009
0.8928040449583718
37.3518178548224427
0.8989906804366191
37.2198492996037018
0.9050437888237088
36.9992292637123796
0.9109713741880561
39.8185332679587489
0.9171594115503173
38.4273115657024675
0.9231682457606344
37.4560574629514420
0.9290963292953360
37.8270457736536514
0.9351503707942223
38.1486138957208354
0.9411888923604392
38.5378861106541990
0.9471076096569547
37.3382121422937630
0.9532476120122094
36.9839739299556811
0.9590230099709753
37.3805175063655710
0.9650677219216028
37.4364985366719836
0.9711886983405569
36.7776795693451177
0.9772757959170757
37.6587403782072343
0.9833201993121288
36.8970761325377126
0.9890736902583890
38.0334244736449705
0.9947395142682977
36.6708985804871048
1.0005845795211950
36.0170476188451545
1.0065353670569510
37.3898211433162615
1.0125002259176072
37.2506230841019530
1.0184160942591920
37.7356895482637000
1.0243444378717679
36.2588620527783903
1.0303572509472605
36.9583916404371493
1.0365100926756210
36.4982129429207092
1.0425106497944518
36.5977122779602979
1.0481996517335488
35.8900836404633381
1.0541023118773094
36.9485512398559308
1.0601203151211671
37.7133346283612312
1.0658608341177520
35.8627813222752465
1.0715883074355397
36.7960795306283117
1.0776549712250643
37.2530637484479357
1.0836710484757124
37.1839908817869258
1.0896412531478636
36.6970648453676134
1.0954583706983236
36.3795924265622688
1.1016553378637175
36.6883883462037801
1.1073861269308563
35.7821292674264129
1.1133167253205580
36.1439954683512141
1.1193236225182868
36.4081002905944899
1.1252819968392354
37.2383105395780660
1.1311314904986860
36.1136550190860532
1.1368434381288737
35.8588817132180750
1.1427519212963286
36.4213444090556706
1.1487827809354030
35.5893609920511622
1.1550054466237056
36.2737772556230382
1.1610913436730785
36.7274547931256592
1.1672429963345987
36.2773203721936994
1.1731159819509567
35.8677622360957855
1.1788920100585094
36.3875353919843576
1.1848046849783309
35.9287571445382312
1.1908519744037211
35.5634027075178025
1.1966732488571126
36.0000523607082741
1.2024104960653124
36.0117687546232546
1.2082919789355533
35.5061056161665078
1.2143991585139609
35.4857304784240171
1.2202255755660281
34.9482181157709917
1.2257948469770570
35.0852423851787734
1.2316378927848950
34.9807625820697936
1.2374593513641592
36.6229190147112291
1.2431836542129704
35.9878986175466551
1.2491284159157330
35.5233164448198835
1.2548930358938919
34.6766097869807339
1.2609403561507966
35.7487367098543629
1.2669311049694283
35.7095981451274795
1.2726972374310483
35.2841376395396509
1.2785929298744541
35.5036263272504939
1.2844648799811496
34.8315806544493185
1.2904867656329924
34.7886910171078938
1.2960925936337035
35.5638430351898194
1.3018727872693812
35.0614879180892203
1.3078771084488952
35.4994052015633770
1.3136203587478665
35.0737344387049461
1.3194581780229222
34.7082313654070944
1.3253001032480063
34.2591117870507205
1.3312131611781983
34.5920021405385114
1.3369727762121335
34.8588315846128651
1.3429234544523274
34.8093916963359433
1.3485057315049527
35.2145522817605183
1.3545327626396406
34.9381618492132802
1.3601240899150921
34.7031989881943232
1.3656340824856827
34.5965633007995876
1.3714473429777594
35.0430441900333278
1.3770158982201803
35.0515249005307226
1.3825172397713179
34.7531742780888777
1.3881857917230176
35.1133660514706776
1.3939305264953346
35.0406798981033845
1.4000823666659534
34.2157983160878487
1.4057520713762521
34.1735074973673889
1.4112323222448151
34.2809232083154498
1.4163082443394039
34.0282142409870687
1.4219347465483794
35.1107147685384433
1.4276668152120422
33.9595297631153841
1.4334769220012777
34.3979510675378677
1.4390024573259232
34.3425147819831977
1.4446203836636158
34.2183265997432784
1.4502603383048180
34.1408846725020609
1.4559180918325110
33.8678204916895993
1.4616672813506395
34.1615243851651869
1.4673353080037430
34.0017878915674387
1.4727362283004262
34.6568050678288060
1.4783217238578812
33.4016378991511402
1.4838233713770337
34.3216570936033634
1.4893606336782053
34.1148566238417672
1.4948903495155708
33.2791903954454398
1.5007379134863243
33.8963851563734409
1.5063884053608010
33.0970462075511733
1.5119980131075414
34.0997646830852190
1.5176497914485911
33.7873313934230168
1.5233944638039352
33.6986610540954885
1.5288359605300681
33.7262776541108380
1.5347801453719074
34.5949317035103476
1.5403582719520832
33.3917538201817194
1.5458812946957088
33.0773761577342924
1.5512232285798166
33.9603203892851724
1.5567755811224548
33.5807110521467891
1.5621529568371371
33.5436211710859453
1.5676920182509819
33.7580348733614599
1.5730943777462212
33.7375091498239499
1.5784087112910987
33.3773825378833351
1.5837707763274542
32.9209292682334862
1.5892425327313335
32.9131590427605190
1.5948171935995978
33.4619629757002173
1.6000444478784812
33.0694152310782101
1.6052936308783239
33.3161092769340570
1.6105811646487460
33.3499666389540792
1.6161142156092054
33.2113638018088793
1.6216852134879802
32.6816643950994177
1.6272606929410784
33.5277564041137310
1.6326172878732046
33.7655341779979423
1.6379348253344186
33.5633891715008161
1.6429058234474754
33.1042433445601105
1.6481366266114958
32.9078201087217010
1.6535170789932363
33.0724520730098419
1.6589941608863337
33.1547657509063143
1.6642618023013760
33.5585430374792395
1.6694959463315155
32.8368010422539172
1.6748833875004510
32.4852230498673009
1.6801013347564193
33.0645652119944913
1.6855423664784996
32.2732089828794955
1.6906786855544400
33.2895589833991892
1.6959199600700210
32.6301330050876075
1.7011091535159788
32.8630479868701926
1.7064508420701507
32.8605382355515445
1.7116894043578847
32.7104474478048388
1.7168115761664335
32.2594705498805752
1.7222338432593400
33.1705711135407526
1.7273159590682661
32.0142234171869760
1.7325144765458542
32.8625253503104204
1.7378789318793244
32.9242797308901913
1.7433876600105573
32.9481722920793985
1.7486618183089209
32.8897734549658125
1.7536801464048892
33.0867231433155595
1.7589001465398388
32.9716002801024857
1.7642165011275954
32.7547670288378825
1.7694191082695774
32.5837158128911852
1.7747969239651373
32.9431418800520817
1.7799063066190581
32.4682165445460242
1.7851737808169421
32.2040360036075342
1.7903271020262927
31.7092836180205389
1.7956182555054419
32.6132931139902453
1.8006137400356721
32.9755960677728126
1.8056755497989185
32.1175588934487806
1.8105488865989692
32.9035665792406036
1.8157073612387851
32.6751240070231219
1.8208265328975923
33.0339270943591643
1.8260151345824354
32.9120960344442679
1.8314120386344899
32.2097113635066776
1.8365253688430687
31.9039052205901932
1.8417003601419915
32.0042985055760241
1.8468842578321265
32.5523567928289310
1.8517966213422132
32.3538064201712459
1.8567458667583079
32.6736062632068212
1.8617961658448310
32.5053957694010194
1.8667063467516944
32.2659032564631616
1.8715660941637766
32.6368624616058511
1.8766129450755096
32.5782839757760101
1.8816597542339135
31.8975426537903850
1.8866080252447037
32.1241238078867397
1.8916118271653868
31.3674493505629250
1.8965283854495356
31.9947598699543008
1.9016539860400243
32.3470200207236545
1.9067393832154038
32.4468414107107392
1.9115312747440094
31.8515508364963651
1.9163623155188474
32.1594059371980094
1.9212072611392017
31.5107007997446509
1.9263213145358886
31.4158787687757446
1.9314521478922837
31.7548100884086217
1.9363841584596904
32.1182847533969067
1.9412896350586946
31.9243152007906481
1.9463728655391910
31.6764488384560714
1.9510983362588532
31.9970862852388223
1.9558070326335633
31.9964750681614412
1.9607540556556498
31.6500884152281223
1.9655243392338182
32.0408628358961920
1.9702962850059627
31.5365293755573752
1.9753653331940109
31.8335677170818947
1.9801631806423861
31.5231665678457276
1.9848446857362176
31.6717543435019486
1.9893906865840625
31.8972199449299865
1.9943418909635982
31.3426395261976296
1.9991514982793461
31.5744901169278442
2.0038505349115834
31.7680138507233245
2.0080820516106348
31.8587047848508469
2.0130468887449200
31.9060625632135846
2.0179182787269747
31.6385909884835428
2.0228629948431900
31.1914568122797391
2.0277604435353394
31.8412678697457530
2.0325531102635659
31.0577194087863049
2.0371716091412622
31.1725005499181158
2.0419381698431924
31.3073304800297301
2.0470886394682370
30.9400372590171457
2.0516775897343553
31.6257581161311521
2.0563361810617002
31.4344632761733855
2.0610191690413022
30.9625432728280501
2.0657970721087264
31.5268947542269906
2.0705693742120883
31.5869539948591438
2.0754265684705331
31.1059533619339703
2.0800453056561556
31.2864998981005158
2.0846405778807626
31.3017885394343836
2.0892081798149253
31.1401552537812272
2.0936925302585405
31.5161047968970500
2.0982378708968015
31.5188070560072298
2.1027362869384887
31.3373632973044813
2.1071762002917005
31.3406880578671085
2.1115960333818267
31.1951371357684160
2.1160479241748718
30.9435540131397211
2.1206350332658115
31.7513671314611940
2.1251888383607707
31.0355722850672819
2.1297941165406993
31.0355265474467821
2.1342145036148534
31.2906564132596827
2.1384641050765660
30.6925240531411596
2.1431395312356645
31.6405496828706347
2.1479457985059995
30.6947983855755595
2.1524014991787341
31.0439851432251857
2.1568681777388949
31.0330550922761397
2.1614660374555155
30.6958982528434809
2.1659487074712280
30.6637475043597512
2.1708319049529292
30.7080907474185771
2.1755705573200395
31.3682128313037545
2.1801448646355968
31.1608159544135397
2.1846027763735467
31.0369251016641314
2.1891168011465210
31.2726218332646830
2.1936651936922189
30.9022274709019804
2.1981607147777855
30.7798438351725991
2.2026410340838281
30.4483700245531104
2.2069229651897815
30.9352173479809345
2.2116686916266843
30.9173700938666052
2.2162477202776603
30.5323797982205392
2.2208415352044444
31.1179191742092875
2.2253750744087237
30.2931013338116237
2.2299621144738877
30.4675742605881723
2.2346993815145741
31.0219994863961723
2.2389668793172643
30.4187698108981870
2.2434257810929168
30.4209105704334632
2.2478779169207623
30.4378765358061294
2.2523845685248256
30.7755669405723964
2.2568832109153250
30.9576852805889828
2.2614386665479298
30.1497843986185963
2.2657290317113721
30.6648445042974913
2.2704377419859303
30.6597648997048466
2.2749504333339656
30.4492909667707217
2.2795501790019417
30.3532683000261017
2.2840291850618040
30.7717963186708090
2.2888756283847997
31.0122173875237621
2.2934609379863011
30.9059275888580380
2.2980265979063765
30.7367074889926322
2.3030341564972288
29.9113211433009987
2.3076884549203416
30.6613338880594064
2.3122108611384271
30.4965955141484706
2.3165838027788324
30.4963373190111540
2.3211324429302285
30.5962552767667120
2.3256141548169125
30.6757024074925049
2.3302735299895239
30.2557402711592793
2.3350261011977271
29.8972060315223658
2.3398299276552970
30.7163833003058215
2.3444922497590754
30.2292948289646830
2.3493900677490367
30.0830211577439748
2.3541308904649276
30.4269786741314157
2.3590939793983399
30.2900935473915673
2.3641331505618046
29.8786080716121596
2.3687912003193592
30.0818640858884585
2.3735788170254222
30.2296088127598992
2.3784131608231709
30.2796507566311099
2.3833754881458029
30.4577815657337396
2.3881039515817117
30.1766739945469986
2.3930487892624446
30.7361634443289411
2.3980016564537845
29.9466907848356811
2.4028387368417086
29.8784427777478534
2.4075360039867650
30.1015793860069110
2.4125294312402241
30.3919543864805810
2.4175156722565934
30.1676659852269786
2.4227417220583267
30.3247306616662478
2.4275189393452683
30.1657117642937287
2.4324384591293962
30.2180008770676736
2.4378464145871610
30.0536462669576210
2.4427966741173543
30.3307911976118376
2.4482310312454683
29.9536139993530170
2.4534056272088751
29.9588418678724722
2.4583836806755812
30.1403727695561656
2.4635795563494725
30.6115337810071715
2.4688897455732355
29.9969016354397411
2.4744820578355955
29.7866041534575636
2.4796961420570502
30.0043993874055097
2.4852099627871822
30.0372734297579100
2.4904175847389118
29.7761956564901453
2.4958963317077769
29.7086641877063400
2.5018378111660700
29.6454633004865151
2.5074002539825515
29.7318416847061755
2.5129821439182081
29.8021644029351087
2.5186273556318515
29.6955055829092167
2.5244190723861228
29.7836605168634776
2.5301886287076494
29.7102096800442332
2.5359156401936103
30.1013320930326849
2.5416748427917315
29.6661525939714927
2.5477819837918294
29.5544045768134538
2.5537097439873251
29.5042714288587398
2.5596938317580644
29.2987883344349100
2.5659900740921984
29.4561863515805804
2.5723353720139368
29.4930724777450450
2.5788319014647398
29.9540124130673355
2.5851112887350713
30.0805211613045493
2.5913295048951546
29.4383303564981169
2.5980084525543115
29.9166596212942366
2.6047788560926417
29.6042766112222147
2.6115064726984767
29.4645357677449482
2.6182436313224544
29.6420796756510718
2.6254054284245552
29.7691506049679937
2.6321437661679483
29.3604642737392822
2.6391334713492958
29.5328867074395198
2.6463300051418646
29.5843860407594583
2.6535853699519496
29.4427063961689157
2.6608975889854589
29.5876383653241497
2.6684700414829945
29.7117433621353584
2.6759357392570120
29.4664318720888900
2.6842792840848992
29.8463933991283703
2.6920922834080896
29.3302487244203078
2.7007203234547439
29.3433234451876146
2.7098215868265876
29.6177302823001334
2.7188749672450805
29.2741661638520441
2.7278744856606751
29.1865632478078538
2.7372379949595946
29.5331250964643210
2.7468874969578998
29.2073864027088099
2.7576497330682139
29.2547059430930396
2.7689557395384292
28.8998468606170320
2.7808329010759536
29.2507694228583297
2.7926252175837911
29.1498273629169802
2.8056494029670711
29.1487992726046521
2.8193563616745170
28.9893527917476277
2.8350153094648083
29.1991532483054144
2.8524432497035153
29.0010835148485704
2.8716261828544170
28.8482756178986044
2.8946997255879086
29.2299618235963834
2.9233145109807364
28.9613198397849132
2.9606239546846780
28.5886200526353491
3.0209878029889050
