30.2279828400427242
-2.4313388551335597
30.2908951804300806
-2.3988864561222574
30.2568907686757171
-2.3780853101180850
30.8125822677673646
-2.3617655769413548
30.6070658677376670
-2.3500809087861234
30.4605833872212060
-2.3392899461521695
30.5386812574412225
-2.3292794079468822
30.6238974794350582
-2.3204431989183796
30.7781816483659938
-2.3125800698083676
30.8031012303780045
-2.3050703352141335
30.5939697656042817
-2.2979579056780395
31.2290154184786495
-2.2913693553740249
30.9474536977881698
-2.2852210486034741
31.4784615633740970
-2.2794557043061192
31.2666776455732851
-2.2736255069956575
30.8235968856530960
-2.2685352197155413
30.9923493143483668
-2.2636288112007690
31.1392336350635510
-2.2585198530606312
31.0488784168369314
-2.2535339889365762
31.6238053563177992
-2.2487068864739697
31.2756148433701888
-2.2440247142767809
31.6536171336843211
-2.2396464340728794
31.2759619292327784
-2.2351799611678769
32.2225278951013721
-2.2308799765616434
30.9540233208529010
-2.2267022319357217
31.4252540670392762
-2.2222787715921140
31.4687136896436215
-2.2181301249180363
31.2981866222567504
-2.2141850881185947
31.6211870459126878
-2.2102991135535843
32.4815566938248281
-2.2064973555963623
31.5371336322444726
-2.2027613649162148
31.5003801569060968
-2.1991587346276189
31.9039196820813196
-2.1954394326450437
31.6486162302384066
-2.1915526961744760
32.1242500688991655
-2.1877016121554318
31.5932493667589149
-2.1840069027077735
31.8140067468374177
-2.1804456442686129
32.0092960755369234
-2.1770557348937780
31.9432739710092228
-2.1737163164436319
31.9862896462554538
-2.1702561830905713
32.3122746662773750
-2.1667807748612193
32.9659177375147650
-2.1635203230733491
32.6998162691940024
-2.1600647532405177
32.8352862979928446
-2.1566763382211827
32.6362505104461391
-2.1532515449627945
32.1955164718950044
-2.1500322509589074
32.8330156326450222
-2.1466073583300918
32.1443488351834077
-2.1433311738785776
32.3443238412232645
-2.1401561544037127
32.6320938092916890
-2.1369483389747557
32.7243039798006947
-2.1335119847127384
33.2893822490893427
-2.1302741466871051
32.8672459914885096
-2.1271498123448898
32.9778024638567118
-2.1239207334325965
32.9562665419180263
-2.1208231640452024
33.1743910695609401
-2.1177030765665950
33.2685082062503454
-2.1145878646171341
32.5824763638208523
-2.1113928139061171
33.6260950042214333
-2.1082641480105084
32.9184708651737736
-2.1051412136984795
33.0844594304433386
-2.1018744172352366
33.3356291919623970
-2.0988634851618428
32.7849010990479712
-2.0960064065593196
33.0309973635004610
-2.0928640032770160
32.7701860272812837
-2.0897108305161138
33.5450917894874578
-2.0865836415570116
33.6085245898418279
-2.0835702826190254
33.0154173074100399
-2.0806281966774356
34.0730418065269447
-2.0775364352564445
33.5071144110600301
-2.0745078257902030
33.8994327376288069
-2.0713303821851863
34.2324989581248857
-2.0683223481705060
34.1148590917448900
-2.0652626150226694
33.8318729083222465
-2.0621515043378671
34.2084201996077084
-2.0592188539095684
33.8009475275660805
-2.0560704573675910
34.4397526510115313
-2.0529921693990509
34.0814857584178554
-2.0500372392884469
33.9173232352663732
-2.0469774209140525
33.4794386902607926
-2.0440895667868868
34.4326140818555970
-2.0411412143043308
34.2345546486639520
-2.0381277645086118
34.6075396003702309
-2.0351048948346664
34.7181236828467377
-2.0321155318585276
34.1853692389462935
-2.0292603369653643
35.5622563689171471
-2.0262877806108670
35.0599357194259866
-2.0231143247755372
34.7500368777738871
-2.0199222382291224
34.7688481027385379
-2.0169507285217438
35.2853583920117373
-2.0138279865508344
34.6268676674156666
-2.0107369268793440
35.4967868296713647
-2.0077223161476718
34.3088904574943427
-2.0045458270447050
35.5565114454867199
-2.0014105990274671
34.9539418675778890
-1.9985216097084935
35.3372829594330540
-1.9954398011094447
34.7315174860680642
-1.9924512401442420
35.4996440500199881
-1.9893561368328510
36.0310108165071128
-1.9860867001692597
36.1153968874160824
-1.9828312248047582
36.3169254137725446
-1.9796274025171063
35.3875424469039146
-1.9763906062792600
36.3659821353897073
-1.9733623156655726
35.7394390797742005
-1.9702393948014010
36.4815879228277282
-1.9671878567098320
36.4268638425204685
-1.9640029588082446
36.2723656444792368
-1.9609513268867498
36.5141748432297533
-1.9579674209082594
36.7878279311803240
-1.9546809339110136
36.5077997581805391
-1.9516157039105246
36.8546790848355101
-1.9486747612367430
37.2125780556818100
-1.9455062694310685
37.5757498931385427
-1.9425410118383055
37.5317079898723946
-1.9393053321375378
37.5972867888317950
-1.9361301260166821
37.2763249174066544
-1.9330794333766641
38.4696909337130108
-1.9299835580181957
37.2043042405126556
-1.9269195220771744
37.6124363034073994
-1.9236753401337743
37.0998490046998128
-1.9204771691614277
38.7327641043309754
-1.9173225436246715
38.2274654656670521
-1.9142912735522364
38.6626005440510099
-1.9109056811920822
37.3366864288053861
-1.9079364803207095
38.8975953532068033
-1.9047557897585028
39.1174952714634756
-1.9015034965691899
38.8362719150069751
-1.8984765599340776
39.1693605135396083
-1.8951678493284887
38.4298041958890551
-1.8919636990474304
39.5591277400828076
-1.8885738170105915
38.3821792411828611
-1.8852520141393956
39.7633485915560101
-1.8819953085521608
39.2661094646985376
-1.8788182092040902
39.5660249764285723
-1.8755987736792590
39.3661405484985067
-1.8724186207520974
39.6974786642524080
-1.8691238303090363
40.0765209273515026
-1.8658923276574699
40.7004606960094790
-1.8626039896764990
40.9278550983914968
-1.8591646027284252
40.2574531550354351
-1.8556773657454098
40.3248171064897249
-1.8522476723894401
40.4244271411519662
-1.8490571114121717
41.2213336209790597
-1.8458734320353887
41.0207826369003072
-1.8425156640812297
39.8797731885942142
-1.8391654510845359
43.2793313082524165
-1.8357164505566983
40.6569020960387988
-1.8322796159039709
41.6023287708966265
-1.8287795237104350
42.5693944909353235
-1.8255254718451019
41.8114006653708117
-1.8221230321321407
41.3333955595963118
-1.8186425406396314
42.3221866818848227
-1.8152634146549811
41.7942979791491425
-1.8117215470207508
43.3597114161622628
-1.8080832871782648
42.9595204318152852
-1.8046342424260109
43.6778807523817250
-1.8012746578842656
43.0814797529613998
-1.7979058551950720
43.1351413103027355
-1.7944289301890854
43.4170980272156655
-1.7909181819735474
43.2970227636778304
-1.7872894051604868
43.4715688073506925
-1.7837604269805287
44.0607421507414045
-1.7801891191652934
43.8705051395436385
-1.7767272833091985
43.7874281806268115
-1.7733319295175958
45.7897589891682131
-1.7698045104559958
45.0924844630663841
-1.7662450071701863
44.7268491987236771
-1.7626841788242715
44.7247178548805380
-1.7590703785597630
45.3964946173406645
-1.7554067263153035
45.1357684923247930
-1.7516641843600891
45.4709390986456299
-1.7480285318026743
45.6847606189429740
-1.7442423928611768
45.9527532279962188
-1.7404517924934080
45.1935951470115569
-1.7367348946181109
46.5207306991988503
-1.7329435789754626
47.5456088630396394
-1.7292315214993603
46.8161855028381737
-1.7255524263769004
47.6060574693658722
-1.7216913388823738
47.1260732847790251
-1.7178897076455624
48.0014268850841574
-1.7143126316884401
47.4303183732108096
-1.7105252097853640
49.1397145996512066
-1.7067649252101378
47.8289379859557187
-1.7030122782481421
48.9118590635192803
-1.6992608269024723
47.7110304362219679
-1.6954451460083459
49.0357401253569449
-1.6915745154294357
49.9906327397227699
-1.6878065095125521
49.7066624137056223
-1.6838142815187818
51.1992498140911678
-1.6798011440323954
50.1837141201646446
-1.6759980488505459
50.9413285271080909
-1.6721590858205111
49.8337794775446881
-1.6683376530343708
50.3865233730451862
-1.6643704505178392
49.1900739153430706
-1.6604379880517888
51.4943636182621347
-1.6566758576018832
50.9792491909113679
-1.6527392592245791
51.4611064602726387
-1.6488529142262287
53.9989156062115043
-1.6448663967071182
52.7871816168027621
-1.6408510588822245
53.6036347395334545
-1.6367036630402731
56.1277971947614347
-1.6328571203598381
53.4983049360501752
-1.6288950760606014
53.2772917296175095
-1.6248222968619461
53.9879720578525593
-1.6208037828181785
54.3500427460940543
-1.6167790857090596
55.3427119968256562
-1.6127043684291733
58.5442439752874435
-1.6086022495684666
54.0113253444325636
-1.6046459771718449
58.3160634391399597
-1.6005823102601249
56.9681386634094977
-1.5967019355876171
57.1165482348555429
-1.5925914706644961
57.9425746320347628
-1.5884729528528687
57.4875930585073220
-1.5845127517230855
59.0036567120294677
-1.5803186913051495
57.6796937369339346
-1.5762806795772624
57.8525212678250966
-1.5718893095943249
58.2545675811131218
-1.5676508603475483
59.4355903846109825
-1.5636838399353166
60.8846485756454143
-1.5592106370048062
59.4678488669939895
-1.5549352017385578
60.0055719085246082
-1.5508297784444895
64.4995766188395834
-1.5464860700141290
59.9493160273936141
-1.5422931049000177
60.1324249964293998
-1.5379889184794346
60.4645846927733430
-1.5339986152124498
60.3504310458007822
-1.5296558154322371
62.9016402722877856
-1.5250861815423276
62.2295978595312675
-1.5209225668214414
63.5256513928236188
-1.5165889994797452
63.6046882019008493
-1.5122459956309751
63.1103282090706230
-1.5081194913493898
64.5441261556321138
-1.5035002231047454
64.6867719720745100
-1.4988600304472055
64.7903917885826672
-1.4945866010653137
65.4976555836562113
-1.4900522656506177
66.5194729134115192
-1.4857082240711597
66.3668770727582853
-1.4813900439864682
65.5306033593626580
-1.4770097025025284
66.7949104965460094
-1.4725726461503785
66.8781329560008686
-1.4681453386257222
68.2394858382408529
-1.4636050505404670
67.5420351197787170
-1.4593948657923954
68.0971991555627341
-1.4548053441180728
69.0446083627742411
-1.4502955300309217
69.9483205683294216
-1.4455437545270926
68.5314013494595571
-1.4412233500420928
70.6562224828374355
-1.4366054092198921
70.0447350853809922
-1.4321505884250230
69.5732480855496078
-1.4276131464503132
70.0728055819494671
-1.4229446447376142
70.8879270726480115
-1.4182436001413123
68.5645077159074958
-1.4137816062220097
71.7990527760378399
-1.4090241683070395
74.3979656119358168
-1.4045032181812145
73.2953156004908664
-1.4000373490564375
72.5793173264308678
-1.3953969222659897
74.2018770111230737
-1.3908034368974262
74.2012783229006345
-1.3862044607834980
74.5166365467362510
-1.3814988532406551
72.8518054552976793
-1.3771057045906077
76.3914611453739667
-1.3725215522659808
74.7846335070225479
-1.3678470848391948
75.4471833767508571
-1.3631733364159511
75.1627663244841955
-1.3584252775406631
74.0526582786262111
-1.3537544495384604
74.6874893857113733
-1.3487565095893215
76.4160097121256712
-1.3439613033357078
76.7622439806777521
-1.3393119126572866
75.3858039105781472
-1.3345218598237576
75.9035042248707583
-1.3294258134538435
76.8091877228447544
-1.3246891708446462
79.7500398560236619
-1.3197569646231799
77.1185652746031423
-1.3148922628001039
79.2761749365802331
-1.3101675036150193
79.2500808469942370
-1.3052074559103797
80.8105952691925751
-1.3003076100431754
78.2214711943957326
-1.2955451085045628
79.8532825349135749
-1.2907072402106177
80.6231177791370612
-1.2856510777032819
79.3100353842728225
-1.2807634163533037
81.3264376625278516
-1.2759926728650823
82.5068299312673048
-1.2709168126942463
80.9091156374872611
-1.2661195866712953
83.9942052398836267
-1.2612499052062009
81.2762761769690059
-1.2561819223513255
80.5481851238754984
-1.2514570628039314
82.2172691035017067
-1.2463191808824943
81.5997185548371675
-1.2414359535962278
82.7098900141778302
-1.2364791555427928
81.6567098753694722
-1.2312689559738559
84.7294727629088555
-1.2263273709057541
82.9853447037995835
-1.2209155838991075
83.5077830301306534
-1.2158553459952410
85.5600871408317545
-1.2109119066703309
86.1057982508146864
-1.2057177709029725
84.0661748853154194
-1.2005952206437382
83.6499990130826632
-1.1954166296319344
88.3847300115488821
-1.1907091635096843
84.9711437078380101
-1.1854699030276901
90.0750479921173053
-1.1803404476448225
87.0893456095102607
-1.1750004009427810
86.2449032774844966
-1.1697469324976655
87.8216311889398185
-1.1647441967403331
87.4597273233557360
-1.1595772570538163
89.1926074254531187
-1.1541767401263079
90.3742545767473047
-1.1490745710129511
88.9098344489115533
-1.1439500162249048
89.3665214738687013
-1.1387999036749132
91.8669089397782699
-1.1338019647388418
89.5038716715780112
-1.1287016963594758
91.7379453799836995
-1.1234197248509845
92.2762865365408942
-1.1179689200915255
90.5616549000967552
-1.1126213197513521
90.8977525566265570
-1.1074464278433773
90.7391430998937381
-1.1023606888287707
93.0253853245178988
-1.0968711208732218
92.9896687967601281
-1.0913924665484205
92.6619170740274853
-1.0861007332851400
91.5128596687213332
-1.0807606002371981
92.5513551503525207
-1.0750592175946592
92.8729040050265269
-1.0700020115776223
91.8886857154909933
-1.0648501268101029
96.9296028798494405
-1.0595007637548819
95.2657981368421218
-1.0539216406500096
92.2186095536992525
-1.0486157601507466
94.0658455385633374
-1.0431188620718257
95.4370901569154455
-1.0376010451792976
96.8115128470142565
-1.0322519970959967
97.1470571769948492
-1.0270122827853625
95.1624909116477511
-1.0215150710218110
96.6646717738116195
-1.0159080822177560
99.5394078984967763
-1.0105930997555377
94.7690526040247647
-1.0053591911898074
95.2217372578164287
-0.9996945315826758
97.5923771350429092
-0.9941984140822407
96.7867016651328527
-0.9885768400675622
96.9550616061212907
-0.9829760818850042
97.4964113948361160
-0.9770915523341787
98.6285400814390840
-0.9717182792657202
98.7554964765417367
-0.9660417150998050
102.2430162907509441
-0.9604889788461017
95.5764628005937027
-0.9550220551819841
101.7181190926981316
-0.9496573484166448
101.7287286059697351
-0.9436944910098467
99.6830486107744491
-0.9384734149585231
102.8128914351368621
-0.9329214389767212
98.9393851325749978
-0.9275942010947326
100.6237870535169492
-0.9220582139967458
100.7141511694340323
-0.9163684095136985
100.5906224306035597
-0.9106971698641441
101.2884962455386813
-0.9052316253176972
103.5097946014156776
-0.8995871046267995
100.9633919491841141
-0.8939126838504849
102.1757454102019693
-0.8883840506481907
101.8458168035262617
-0.8823481247127682
101.5743726996953171
-0.8767485908229294
102.1805938476359188
-0.8715053150601054
98.3914971752982979
-0.8657663121112122
102.1282901504951326
-0.8600845479348835
103.8389139644538517
-0.8541843279524534
102.1177134743016239
-0.8483608302225946
103.3842996993158891
-0.8427155329001066
103.2367592060417536
-0.8370880271233350
103.8347773722648384
-0.8312470914221368
106.8876496344175848
-0.8255433559352531
102.8701325056414788
-0.8196628244440013
103.7004666465202263
-0.8137500343150894
104.3760534975385923
-0.8075227554310848
103.9619016098438209
-0.8019706613972075
106.2367511773943534
-0.7965810543954538
107.9502579614841267
-0.7911082551300488
102.7024220403838370
-0.7849655323015913
104.4638519625671194
-0.7791222736710379
105.0223580572199751
-0.7729713302738810
107.7818016241453307
-0.7671633157471990
105.2079181246267439
-0.7613480281866060
105.7495400732708077
-0.7555553697532724
105.9390549486016226
-0.7496920019053391
109.1275418519382470
-0.7437971630553587
109.7392719146867393
-0.7379648298590306
105.8464332893797035
-0.7321171139745883
108.5812322132980654
-0.7263209150189202
107.9841107241666691
-0.7201281959033644
106.6015442550099692
-0.7140194491830416
106.9323546996494940
-0.7080540940949817
105.7631000106151049
-0.7023288643128803
109.2159300632196448
-0.6964282272193584
108.4842051245235979
-0.6903301657401179
110.8005814371427959
-0.6844758046561356
109.4147031070454261
-0.6785488123287091
108.3119700177837927
-0.6724073438040579
107.4329660175434924
-0.6666009165589557
109.5719154142972371
-0.6606130017210176
110.0972755082787415
-0.6546657869728916
110.3040037716491497
-0.6487931419037045
112.1039028395834976
-0.6430064508535531
112.5537778712279646
-0.6371099133380651
110.8014244856002506
-0.6312202378259943
110.2128710768172226
-0.6254223977283858
111.1946481036810468
-0.6194770701278619
113.3696553457206164
-0.6134354700734076
112.5199659287832077
-0.6073219776220607
110.9403836455177554
-0.6011711526126760
111.7577455638069495
-0.5951948511374264
113.2038009311679900
-0.5891923724930587
108.7774751586834441
-0.5833120357862283
112.4968985850131133
-0.5771874960523843
113.8228092413062456
-0.5710350691473141
111.7440164549087314
-0.5650140566249020
110.4887011306839213
-0.5590140666877447
112.3863522336269227
-0.5528303344125586
113.8534062924594537
-0.5469029777097675
114.1892423356500501
-0.5405066860984311
115.6897212769895589
-0.5342168337382563
113.9602921826521964
-0.5281999318768531
117.8123702075454418
-0.5223604896692939
112.2189795161241079
-0.5162300706212690
112.8134213471980445
-0.5102059873756732
116.2608530549968435
-0.5042111832634969
116.7252225343667220
-0.4982954327625605
117.6159877343606297
-0.4923569674095156
115.3216764056951149
-0.4865335204509665
117.2132783819023985
-0.4802860685146076
115.5832449466258964
-0.4738813600677962
112.3022110510797944
-0.4676661132067513
116.8741979268649516
-0.4613356936179086
115.8733484356834396
-0.4552748744243945
116.0566721754485542
-0.4491292909268359
115.6028926519444582
-0.4429497058934919
116.9304251039786635
-0.4366813079509632
115.6156345851798335
-0.4305010328387570
115.3660370208999808
-0.4244826922151066
116.6147962632578299
-0.4180061491901171
118.4428742546494107
-0.4115375935619231
115.3997011195090892
-0.4053475348163489
118.6903167439743214
-0.3993342981502096
119.0567536271245359
-0.3930680188824359
118.2776520951173325
-0.3871206277036620
121.3004448204274297
-0.3809648856892855
120.5699977305244772
-0.3750522201675860
121.1065146570617657
-0.3688449852048163
118.5430614875029676
-0.3624773539249654
122.1859287586368907
-0.3562262377417563
119.2923514771873101
-0.3499114218174448
118.2943914965801611
-0.3437966128102716
117.8634315432386188
-0.3372994919876516
120.5602937999447164
-0.3314262506713643
124.7227384300311428
-0.3250983401192331
120.4798140822766186
-0.3191691648389484
120.4773864136988806
-0.3129867698241102
122.8836997634599300
-0.3070270473190184
119.2825042541710445
-0.3006854326214924
120.4100386774155709
-0.2945052819643422
122.9339657580998306
-0.2881572268493747
121.1879281492172424
-0.2819156675722196
121.0850279559040388
-0.2755463126709735
124.4534549907916556
-0.2694576088279240
122.1645639754016912
-0.2632887395115158
119.9054203954407285
-0.2567683572666494
123.6222472370231031
-0.2507566790097737
121.8720036072546549
-0.2447796556816255
124.6128470673670563
-0.2381832927312875
127.7026221473929724
-0.2319967916264143
125.4387350331520565
-0.2257109870757034
123.7113794612314450
-0.2196605694592477
125.9220183533793431
-0.2134709632448139
124.5711691821873757
-0.2072905981105783
121.7475119529677983
-0.2012620045547916
127.8475351404394473
-0.1951249709195803
124.0549611452519230
-0.1887373910568358
127.5975705678838352
-0.1825003898325549
126.5235813815469044
-0.1765553981592424
122.6951910774146910
-0.1701836655465152
123.4474968448681551
-0.1637226025944752
124.4407485258453221
-0.1574318326363540
123.4845556481042763
-0.1513398958974300
127.7081918051988509
-0.1451387631904497
129.4343304855275107
-0.1391151171354503
124.1740716555334529
-0.1329104425977169
126.5216120776330087
-0.1267648848628036
122.3000381271730674
-0.1206286772837341
124.4966105974790764
-0.1144712138852017
125.4903171672908826
-0.1081941750928614
126.9570051715822672
-0.1020534396085477
126.7707187255188757
-0.0958658366988920
125.5395580785798870
-0.0894687382714184
125.7149772020918164
-0.0830962331070745
126.3032684706491295
-0.0769811824730697
122.9037280477714518
-0.0707312679477168
129.6449589070896309
-0.0644173133599890
125.0478425881607905
-0.0581179606221753
127.5384410191101665
-0.0518431913192881
126.1939841504390500
-0.0457395393325899
127.8781178166765073
-0.0395136797324549
129.1699016272222877
-0.0333476325553275
127.3930406119251444
-0.0273706471570812
128.1285846198192360
-0.0212550542799202
128.0191122045806082
-0.0149735387221467
125.7457281838289589
-0.0087795680589192
126.9133384107368698
-0.0023437647834469
127.7450783496409485
0.0037703592263803
126.1667569329315057
0.0100550096472750
128.7858039746035956
0.0163412508054077
127.8628769516525381
0.0225018134691350
125.6450645672116053
0.0287570245871549
126.9014191393173121
0.0350616057058361
128.3490189670789619
0.0411268364806220
123.9370293322668743
0.0471310759179311
125.5560038398360234
0.0533513346579657
126.8568513322845348
0.0596797024370358
126.4111177615970263
0.0660647131706430
126.5768981010047298
0.0722541661957939
125.6303001386675504
0.0784907647342117
130.3754103408352591
0.0846781174940433
126.8891434275708292
0.0906804803384766
126.0375544907237213
0.0969288917981868
128.7216430122694533
0.1029568805225552
126.5114497988144109
0.1094358565029030
127.1719721672176604
0.1157509652423366
128.3241197308691994
0.1220642162220693
124.6772613983524423
0.1282085071488181
126.5351342568775408
0.1344036275660867
126.7182742916232030
0.1406691820779959
128.5970145826352393
0.1467055553073367
127.9062581097570188
0.1529118047051014
125.4545083069375266
0.1590393934043256
125.9971116794748127
0.1653874696894425
126.2559297006029482
0.1713715566702755
124.5454735763261453
0.1777275121251013
122.5000999566285316
0.1837774501941594
123.0885568539207497
0.1901601329239169
123.2744840596294864
0.1962807354383583
124.4851231934231208
0.2024669190378283
122.4961547373774948
0.2088332371214596
123.9941875619048943
0.2151708284539207
125.3764762374343746
0.2214901150403420
127.2137760061356744
0.2275280053922213
120.8547758802719869
0.2336576496678680
124.6208053529729085
0.2394724333194262
124.2868718956400329
0.2457835182017950
123.2772466399037796
0.2520134679893959
121.9473700969292906
0.2582840583104589
120.2123555500463965
0.2646062981264293
121.4568136670088307
0.2709465566722141
120.4149088162675696
0.2770820302724329
122.8022207365216900
0.2830988674792974
124.2021781268984881
0.2894427937078914
119.6785079182808147
0.2955659020988125
122.4210661688930344
0.3016690797859047
118.0820460987884672
0.3079825057143533
120.2815035148397698
0.3145660751742353
120.0980586792341711
0.3206494875807337
122.9818749327004355
0.3268883286513269
120.7266227049909446
0.3330546020614910
120.6434839757725115
0.3392288426202669
116.8486430834021235
0.3453267451175316
120.6338495450690260
0.3517020004733453
118.5140857645147747
0.3578156990507190
118.7861086547565463
0.3638988180042254
121.1587398630216086
0.3702292788230764
122.6743526090755836
0.3765388194261102
119.5672514573664529
0.3828771138170811
118.3034783017080542
0.3892708036397935
117.1444396079167802
0.3955286755271243
118.9713185690907125
0.4015441187965296
117.1145582538292729
0.4075927742489449
118.3811379427731509
0.4136774160391155
116.2343841103064221
0.4194371447132116
119.1613515629282176
0.4254818977819169
118.7733237283235752
0.4315974684400345
116.8804454137416968
0.4380216087203172
116.9263785646556073
0.4441643325619640
119.0406440602912568
0.4503785287839266
118.4837555657071562
0.4563910298534650
118.9692799434115358
0.4624239734844967
117.4329832581554030
0.4684495722522977
115.9859658634012760
0.4747278044491032
114.4896986220070119
0.4808363620180144
115.9064831344637554
0.4871183999093243
113.9428803447522114
0.4933152113050236
114.7878846360984539
0.4994552399348984
117.4800350165532450
0.5057269491268807
114.9520339793973420
0.5114915821820859
115.4190041290742812
0.5175044820595356
116.7769515897532244
0.5238170040138649
115.3958054705796741
0.5299501267265779
117.5845703572299641
0.5359395429622045
113.6254881613733545
0.5419960212627730
114.0809035452675602
0.5478446940470287
112.4460224445929981
0.5543217484751519
112.0058108826758314
0.5600902871331993
114.0788915352761279
0.5661916801311966
112.5246203974076309
0.5722339018909254
114.5629070366109943
0.5785119740318281
111.5308556018794235
0.5844940062766136
112.4335713201330123
0.5905094373658868
115.3957155407722723
0.5965456600131065
115.1152097164314370
0.6022911126830464
111.5692486296344583
0.6083641774346361
113.2272915707710297
0.6143494085554361
113.9110385170560988
0.6201713350930584
112.9251423323355255
0.6260273687166352
113.0474519968136633
0.6320317925084562
112.5938578243600148
0.6379353451991659
110.3601215265530158
0.6439353440823424
109.1546413963805549
0.6499207450700836
109.4211852531108775
0.6560039768843483
110.9087628928761973
0.6620679511328442
114.2213907500091779
0.6679729188791459
113.6235749813068594
0.6739304254853205
109.5749220890769351
0.6801114488675993
107.0239926369291368
0.6856492346838168
107.7960491572609953
0.6917977798819194
109.0475794885325769
0.6977526083067460
107.7518483321201330
0.7038627691377257
109.7121043853620392
0.7099369027469271
108.5016270512033856
0.7157845940957835
105.7484222155423907
0.7219639184812325
110.1828178935401183
0.7280707687426718
104.6222209822945928
0.7338274973073030
109.1467961814698100
0.7396256040673215
108.7042365283291048
0.7454106294778123
106.6205615865052039
0.7511209736550182
107.8473808874412754
0.7570445594122241
108.9533921780240320
0.7627737472309909
107.1226328852940810
0.7685413688080418
108.3831444980012435
0.7742032990931230
107.7373778948722531
0.7799012921662707
108.9932224963611560
0.7858292463508793
106.8175774304205987
0.7917380022004022
110.2674613955208827
0.7973384345261123
105.9201937364773727
0.8026839874275707
104.6542489456644063
0.8085231237637525
104.1997394901279392
0.8143980195385674
103.4880481223065374
0.8202079835645705
106.2076243974835137
0.8258100721358722
105.4153253793399330
0.8314325411136977
102.6234795574462737
0.8372067533828589
102.3938722695452270
0.8430883367532322
101.3863440354879089
0.8488919940531631
103.6231795431652500
0.8545970859814743
103.5504183051394023
0.8605379749978320
103.4902592932536294
0.8666424435770651
101.2821838035457347
0.8724380926651688
101.2081844718091190
0.8779960844394323
101.3339516743159976
0.8837522469616353
104.7359018436834361
0.8893745215916407
99.6762726584243666
0.8948917364339367
99.1617573954215459
0.9006434216123576
98.8726226209731323
0.9062624908003286
101.1255849620900165
0.9119262597970671
100.7993502823140517
0.9177798834649604
103.4194016957327733
0.9233297669351517
96.5890212680482705
0.9288704842849488
100.0115335829021177
0.9343071315939147
99.1755602361391908
0.9400227003566584
99.1284858753693072
0.9457392198244611
99.5568567884479023
0.9510828024401562
99.3100232159571448
0.9567338404464404
96.9660830587323659
0.9620379794307020
96.7618769252364359
0.9675626898871843
99.0510856846587444
0.9731978929273994
99.5979049613180791
0.9789134503384191
98.8470109476981378
0.9847788350388956
95.8521294540967119
0.9902436417369076
95.1666331516541675
0.9958323988614051
99.6276792314123867
1.0011935291175085
95.9817013898580313
1.0065988209348851
93.9515011388520804
1.0123634229896592
97.5018694142822540
1.0177564151869640
95.4864050260007104
1.0231482553944502
94.5829454228632898
1.0283307707851985
97.4223716427651283
1.0338101089505602
95.6322266530328591
1.0390099329228644
96.8623327256663771
1.0444203667621426
94.5245337056728090
1.0498283783790487
95.2624100061512706
1.0552659727959381
92.1321429930482054
1.0604268652820865
93.4156087704021729
1.0656095021980718
92.6064971996544841
1.0709024424758815
92.5411260715787023
1.0762257789915415
92.1587956222240194
1.0814541810583274
93.5052313247293085
1.0870310066775735
92.6658448001245176
1.0923019528168956
94.1185527631947139
1.0975191487231761
91.3748840795705775
1.1032843551259661
90.6085858333261314
1.1086979574797102
91.7004907593824612
1.1140112573674479
90.2718717589169017
1.1189515519133744
92.1816381594028940
1.1242640285379435
89.0040773618740246
1.1297364784929831
88.5314950188811309
1.1349597873490449
89.6007460758829524
1.1401786033861483
88.1304530839856426
1.1453178391132841
87.0541967791545801
1.1505568940278608
88.6018039653762912
1.1558813984289114
90.3366145735208050
1.1608297373625731
86.7947917250771468
1.1659874594458433
87.1192829704852869
1.1712989346387934
85.8071317134294702
1.1766218282059979
87.9765969242660049
1.1816266127343484
88.9563634003342685
1.1866801577466317
87.0603858929649874
1.1918820085428776
85.3425589425525573
1.1969642834242233
86.7500721947500466
1.2020416575253117
85.4724904012593925
1.2070083140237764
86.2130439830229278
1.2119767764211824
84.9958682944822925
1.2172118095040072
86.9646034547353679
1.2222459776926853
83.8613737811965763
1.2271782352998311
83.8905931527201574
1.2322035230411215
86.8076790387509050
1.2370133584956147
83.4794286785517841
1.2418499810987198
84.3609225263938782
1.2468561850887214
82.1811104587333148
1.2518882567732255
84.4112752313400279
1.2568772111568172
82.4329282217047137
1.2620190777948113
81.4955123408454938
1.2669933571499650
82.7071074224412826
1.2719644130372694
79.1981983927859687
1.2769083883899819
80.2002607169024486
1.2817673140289203
80.0333571880922960
1.2867904865358986
78.8366258316062982
1.2915031613558432
78.2269897695454830
1.2964544151279407
80.5140600117948821
1.3011823666625133
81.2970159693071253
1.3060005377047350
79.1721318298705654
1.3110430887085487
78.5728846906648073
1.3157934745493245
76.9430453032560564
1.3206146804529346
77.1134979254823776
1.3255098204670501
76.6221924385337019
1.3304046475214615
79.8301962872845650
1.3350409254464275
75.6576695354807498
1.3399401987304389
77.3938905615491848
1.3447353620896847
74.1929064950633403
1.3494875902686299
73.3965803732110658
1.3543284141639016
75.6993450928014227
1.3589965169773968
73.7312733587260993
1.3639798463932109
75.1647141432978572
1.3686034406798777
74.4303861629851866
1.3733365000722626
72.2602015463967717
1.3780105884188594
71.9850436831869445
1.3827878384003585
72.0916825890813442
1.3875745681640717
73.5465133530238262
1.3922576402865128
71.2734984600518402
1.3968640749665064
73.2188389996761515
1.4014582483617966
71.9123879487832198
1.4061296314259244
69.8846638731287157
1.4109872145215712
69.7108279925951422
1.4153348777604491
71.1290101831597639
1.4198931455000632
69.9057388293386026
1.4244984306849791
69.8287129387869925
1.4291028037099618
69.9348727526465268
1.4336898953457087
69.3785690423791124
1.4380555418329479
70.2728853687539043
1.4425170877738631
68.5304483181625557
1.4471209055552157
69.5543237004157220
1.4517212650176832
65.3584153758593942
1.4563031763850525
68.4316902219144367
1.4605939934498184
66.9379638839603643
1.4652218530509293
66.3440391918984460
1.4699312120866959
64.5604653659147658
1.4743642696966828
65.7426628347459143
1.4787717438123944
64.1408793784968196
1.4832049389439934
65.5807148628929468
1.4878585671990276
64.4300149936446473
1.4921247178450665
64.3393135344741296
1.4963037252119529
64.1178049537304560
1.5007558140374779
63.7351051574234049
1.5053900019760473
61.1959475620040081
1.5097448938921181
63.1066028210605907
1.5140429590918942
63.0643337431551245
1.5184566315497761
62.0278784288342280
1.5227291108945256
62.6271577438360580
1.5270317341529125
61.7087912392567333
1.5314160865698854
60.5988777956939089
1.5356693754955617
57.9498038768055039
1.5399116010094307
59.5520425048871473
1.5442159336093235
58.8291912288158727
1.5483924178618813
60.4960378573678597
1.5524989946230765
59.9800245145310242
1.5568358644565288
58.1882609286753905
1.5612659507037017
58.0713402105254275
1.5652764969703670
60.1655715485396030
1.5696388523644116
57.8405950156227817
1.5738584923226597
56.3598816598799957
1.5779528978896276
58.5976227511152885
1.5823221469561324
58.3102992369664221
1.5863725346721973
57.6002530789558662
1.5904477890025981
56.0894705243354892
1.5945953271072657
57.1501021176752531
1.5985844457865841
56.7306683931648408
1.6025535228612955
58.0395246610328925
1.6066188838469209
55.3285490073429784
1.6107815366684388
54.9823532199128806
1.6146823963351535
55.4987799796694219
1.6186926862051083
54.2715131524521937
1.6227525764200041
54.7316281918213363
1.6268835606203840
53.4600947207525934
1.6308239722813918
52.6829000716750500
1.6349344383055973
52.3546916949711303
1.6390043480816738
53.2243869809083634
1.6429291894279876
51.9870337850584363
1.6467357557217974
51.6527521489712527
1.6505326270899086
52.2780834047895553
1.6544412190027138
51.2454240741365865
1.6582009917108089
52.1565067383262999
1.6621171155064172
50.4253999221688289
1.6660000381633200
51.7815169582262840
1.6699951026650302
50.5516731236280563
1.6738022065266625
51.3213639737799170
1.6777282202429413
49.6548540968177150
1.6814820152517576
50.0693873844238269
1.6855514210958158
49.2412245311469761
1.6894030621611016
49.4835945463261666
1.6932322705703884
48.5098618963832777
1.6971686148033982
47.6914761869485275
1.7011715752401877
47.6491868986401670
1.7049716604622682
47.8736756054719237
1.7087873409051237
47.8686254190200273
1.7125423402826718
48.2451159776418805
1.7163163236866212
47.7554200789721932
1.7199641297167774
47.6704756691179128
1.7237585377579141
47.1320108412582499
1.7276137809133489
47.7480429449922212
1.7314473674439910
47.7711470985689672
1.7351493422761035
46.8360095352826349
1.7389595706658210
46.4083091476022247
1.7425164976294754
45.7372664806402369
1.7462063046957104
44.6224491678768018
1.7498855975000354
46.0610339194019787
1.7534170275884695
45.5720923062654535
1.7570196876169151
46.3358831106277052
1.7607937552264283
44.3108717675272885
1.7642749835622493
44.2040311131736416
1.7680316126206863
43.5539647961697369
1.7715590339676119
44.0554231972377437
1.7751980225638770
43.8660723321677111
1.7787867108611601
44.4801288312783996
1.7822324724838969
42.2975181986659123
1.7858725118161289
42.6238299519539510
1.7893419100428924
43.2709890985693661
1.7929522917611054
42.4276470001756891
1.7964997455725942
42.8089863207558281
1.8000593423123568
42.7004913069444214
1.8034604313531997
42.9944613663453907
1.8068559970947198
43.9065289235867837
1.8102850974812310
43.2191061422639251
1.8138170723726650
41.9813247013456063
1.8173796449937203
41.9786090694007754
1.8207315147520922
41.8163000481260525
1.8241761533563388
41.2956270048778151
1.8275325835377985
40.5269600265223175
1.8308123658709661
41.8058837666698793
1.8343319843430421
41.2250958288112770
1.8376944274804929
41.0929205806843214
1.8410349789054157
40.1149497421399630
1.8442983228350620
39.4625267684196359
1.8475849041429189
40.2083440382493293
1.8508744736705833
40.3833707736843692
1.8541417538550937
42.0659834899978122
1.8573427307031032
40.2674634739778341
1.8604744895721357
40.0847962335473085
1.8638827117769066
40.5124980712814420
1.8672656012214610
40.4895826377760599
1.8705220359330355
39.8379208247833461
1.8736271489490604
39.5955896633803519
1.8769386412457096
39.1543766620412370
1.8801800819276568
40.3554986154596023
1.8836560563804952
39.0798500568118570
1.8867761393707116
39.8398992083371155
1.8901128569359478
39.5217735209840626
1.8934747000877685
38.7861578494052353
1.8966420309464989
38.2289343272992426
1.8997904242163071
37.8828632006737109
1.9028793912753266
39.2574375519522860
1.9063322689712414
38.0797603138208487
1.9095379361156952
38.9634655485388279
1.9127426872071267
37.7151306440486280
1.9156713581162073
38.0276506157700140
1.9189210686377982
38.0758537297975082
1.9220183004301601
38.1448638151846637
1.9252456139144141
36.9349753873282651
1.9284691706777306
37.3880497571440458
1.9317230509028751
37.3239888083423494
1.9349089477375085
37.5442995552788830
1.9378903459898604
37.0052141357877673
1.9410081799465759
36.2964242247576934
1.9441253232773217
36.1624105716193540
1.9474410664435480
36.7013726772842759
1.9505923043226774
37.0338804554482337
1.9536443044800720
37.4334555273776175
1.9567108063352934
37.1734830169352648
1.9597235626268525
36.4591305254144373
1.9627836447784615
36.2269709368400967
1.9655577239137345
37.4437454933014067
1.9686153658179499
36.4203214528908248
1.9717043464461426
35.8191210591946216
1.9748707563204677
36.0361354962517240
1.9779287451813747
36.7251651918034057
1.9811454530418910
35.0443838043591001
1.9841337800300645
36.0892967089642482
1.9872610502364156
35.3341648325309308
1.9902578537124418
35.3395033281891955
1.9931686654502596
35.6046432158890340
1.9963131229078366
35.5249997439959273
1.9995080149213766
34.9469833186420544
2.0025430830085287
35.0984596936063227
2.0055107510839618
34.6245719926289297
2.0084075102742664
34.8314699919343838
2.0114968898260157
35.0160172502417169
2.0145571220644674
34.5335352869302099
2.0174579109997048
34.7068983106593834
2.0205167774925337
35.0206883796137873
2.0233598697332957
34.0092923709912256
2.0265112665976353
35.2467050594488853
2.0295155558767775
34.1832688423889195
2.0326365002066318
34.4287639411450783
2.0355883104555264
34.7695550615880649
2.0384579278389308
34.8108640404735539
2.0413272045388116
34.5223811581100080
2.0444053360458203
34.5781144537877481
2.0474093636541002
34.2442354272740701
2.0502529992520557
34.6958459788889257
2.0532113373914420
33.9749696842900732
2.0562834503843872
34.0948533619535752
2.0593416572630776
33.6840350859015203
2.0622781175862142
33.7586448705571769
2.0653473927474257
33.7370346901338962
2.0683826805910313
34.0500561345981723
2.0712970030262357
33.3666873954882561
2.0745074260374308
34.1913107294104321
2.0774712872274623
33.9386712306982048
2.0807415527351498
34.2204398146055411
2.0838052437229919
33.0567351991735237
2.0868669519611327
33.8395429048846310
2.0899393066220755
33.3793908656010956
2.0931490455372153
33.1205831128328896
2.0961838147224037
33.0025308487823068
2.0994016421570749
33.3212443325686323
2.1026743637617016
33.5176236316203031
2.1056074348010436
32.6998822044409039
2.1087049715317456
32.9026168781121129
2.1117820401160414
33.2874799111417232
2.1149315402892266
32.7733222412916660
2.1183410435315877
33.2722552775947946
2.1214352601067712
33.2983566287746129
2.1245916431973484
32.4483111312468679
2.1278104208873860
32.6936094127573256
2.1310292663187869
32.3239719436452972
2.1342692376139909
32.7215621523852462
2.1376862551494895
32.3895129144605605
2.1408935550786721
32.9912475558729881
2.1442530243822313
32.5233461153867225
2.1476149539321527
32.1143813085258074
2.1509209038381152
31.9358203250954489
2.1542729594250485
32.3164569633644945
2.1575478716595304
32.2019408535780656
2.1607527681310281
33.0539892967779210
2.1641874649944333
31.8460136000712559
2.1675421913663784
31.6705644524318295
2.1709189321885112
31.7287547693193801
2.1744090002021199
31.9525978779068858
2.1779397948673913
31.8591257718781193
2.1813821390294637
31.6630294592343375
2.1851679636677450
31.7433155079752147
2.1887118188996322
31.6908268041771706
2.1921081978023627
31.6004905843132313
2.1957696243940550
31.8943827711048762
2.1996562165479476
32.5635521065749600
2.2035518220556503
31.9428533154868077
2.2073853395437424
31.4723179540149687
2.2113266346165910
31.4154318587027888
2.2152054280787805
31.2131653995492897
2.2193445050318288
30.9691417772615338
2.2234708467849105
31.5203178782768880
2.2275133894301518
31.7427524247200736
2.2317179775853857
31.5460477837425728
2.2358709185145678
31.0756481166300986
2.2401845138749645
31.5900340936837836
2.2449514861133095
31.8158532928847322
2.2494559146926343
31.0802526309129981
2.2541688162147446
30.9083150359639802
2.2593864043039069
31.3676350084261770
2.2646279004005532
31.1674959222147123
2.2695524312567081
31.1963376840279629
2.2748591924789090
30.8812350920181444
2.2804420755815356
30.6218503105808715
2.2863636913545844
30.7027499944675490
2.2927012099497870
30.6710617062028419
2.2993142404891440
31.0354870646238936
2.3061565691089054
30.8488262769674293
2.3134531172957602
30.5392933958375572
2.3209604304934750
30.2420132442373344
2.3299436630451478
30.7890020951244132
2.3401263434632087
30.2289336519234411
2.3510705686494799
30.2734580652042098
2.3642159861821068
30.6663954931272862
2.3798990265221707
30.2575943683196193
2.4007949148664762
29.5532773915602895
2.4360166771887162
