50
0.0000000000000000
0.0000000000000000
0.1282282715750936
0.1282282715750936
0.2564565431501872
0.2564565431501872
0.3846848147252808
0.3846848147252808
0.5129130863003744
0.5129130863003744
0.6411413578754679
0.6411413578754679
0.7693696294505615
0.7693696294505615
0.8975979010256552
0.8975979010256552
1.0258261726007487
1.0258261726007487
1.1540544441758422
1.1540544441758422
1.2822827157509358
1.2822827157509358
1.4105109873260295
1.4105109873260295
1.5387392589011231
1.5387392589011231
1.6669675304762166
1.6669675304762166
1.7951958020513104
1.7951958020513104
1.9234240736264039
1.9234240736264039
2.0516523452014974
2.0516523452014974
2.1798806167765910
2.1798806167765910
2.3081088883516845
2.3081088883516845
2.4363371599267780
2.4363371599267780
2.5645654315018716
2.5645654315018716
2.6927937030769655
2.6927937030769655
2.8210219746520591
2.8210219746520591
2.9492502462271526
2.9492502462271526
3.0774785178022461
3.0774785178022461
3.2057067893773397
3.2057067893773397
3.3339350609524332
3.3339350609524332
3.4621633325275267
3.4621633325275267
3.5903916041026207
3.5903916041026207
3.7186198756777142
3.7186198756777142
3.8468481472528078
3.8468481472528078
3.9750764188279013
3.9750764188279013
4.1033046904029948
4.1033046904029948
4.2315329619780888
4.2315329619780888
4.3597612335531819
4.3597612335531819
4.4879895051282759
4.4879895051282759
4.6162177767033690
4.6162177767033690
4.7444460482784629
4.7444460482784629
4.8726743198535560
4.8726743198535560
5.0009025914286500
5.0009025914286500
5.1291308630037431
5.1291308630037431
5.2573591345788371
5.2573591345788371
5.3855874061539311
5.3855874061539311
5.5138156777290241
5.5138156777290241
5.6420439493041181
5.6420439493041181
5.7702722208792112
5.7702722208792112
5.8985004924543052
5.8985004924543052
6.0267287640293983
6.0267287640293983
6.1549570356044923
6.1549570356044923
6.2831853071795862
6.2831853071795862
1.0000000000000022
1.0000000000000013
1.0000000000000007
1.0000000000000013
1.0000000000000009
1.0000000000000011
1.0000000000000020
1.0000000000000009
1.0000000000000007
1.0000000000000011
1.0000000000000011
1.0000000000000009
1.0000000000000007
1.0000000000000009
1.0000000000000011
1.0000000000000011
1.0000000000000007
1.0000000000000009
1.0000000000000011
1.0000000000000011
1.0000000000000011
1.0000000000000007
1.0000000000000007
1.0000000000000009
1.0000000000000007
1.0000000000000020
1.0000000000000020
1.0000000000000009
1.0000000000000007
1.0000000000000011
1.0000000000000011
1.0000000000000011
1.0000000000000013
1.0000000000000007
1.0000000000000009
1.0000000000000013
1.0000000000000009
1.0000000000000009
1.0000000000000024
1.0000000000000009
1.0000000000000011
1.0000000000000007
1.0000000000000007
1.0000000000000007
1.0000000000000011
1.0000000000000011
1.0000000000000011
1.0000000000000011
1.0000000000000011
1.0000000000000011
1.0000000000000018
0.9999999189801440
0.9999974817765810
0.9999716984075584
0.9999913435179312
0.9999856562037706
0.9999596792336923
0.9998767735167463
0.9998714186293370
0.9998671510312629
0.9994981358283683
0.9984971076231134
0.9994357556734998
0.9986454367340467
0.9982444203491360
0.9967216967804255
0.9914775771311960
0.9964893691360630
0.9890095906914543
0.9756092814267799
0.9660285518840438
0.9468013214686443
0.8328081557064180
0.6374814856426766
0.1356312309209682
0.1560624809192825
0.6296469555697258
0.8443129102807700
0.9356082819946815
0.9627188551527657
0.9709460710710152
0.9901166957284943
0.9910910085993161
0.9939722385429873
0.9979292035862221
0.9960805624253404
0.9988344619017852
0.9993752762698790
0.9991695092660872
0.9997697514649816
0.9997643877175451
0.9997808475671984
0.9998797918824369
0.9999747553158715
0.9999876333080735
0.9999948561898692
0.9999876558019575
0.9999901238062927
0.9999999796071208
1.0000000000000016
1.0000000000000018
0.9999927265802058
0.9999671700100390
0.9997807124044926
0.9998614340273495
0.9998917240426292
0.9997965013782406
0.9997141699264814
0.9993253884959433
0.9983951285926161
0.9982120004813583
0.9965046646486020
0.9974139690066446
0.9934190652772977
0.9864269772099132
0.9867825172985596
0.9719287954003999
0.9427694056407917
0.9274714625386492
0.9183963587879538
0.8350737472761658
0.7268912245055538
0.5339064729561974
0.3172773402030135
0.0654363815155793
0.0779753351131517
0.2679438497634177
0.5837817227307348
0.7592595415404036
0.8602418497500764
0.9047884200098496
0.9146486686281806
0.9674298926702258
0.9652204355872913
0.9793627562517768
0.9821333543670672
0.9881198876146079
0.9930414367681181
0.9974807847799114
0.9975369787806700
0.9994020670210073
0.9976590366783443
0.9990246248320487
0.9995883117249924
0.9998150857403401
0.9998159486979805
0.9999844449332599
0.9999661353132901
0.9999997103465226
1.0000000000000016
1.0000000000000020
0.9999995235625309
0.9999904048923129
0.9999639330613523
0.9998390748090610
0.9997161721330131
0.9991018047703172
0.9963993704265421
0.9956426459389121
0.9943060089300797
0.9930910241646275
0.9857281046572959
0.9821456657677676
0.9806835785657642
0.9695814181915585
0.9531718155126055
0.9368071887750488
0.8891302470595362
0.8438377383534934
0.7491237453393903
0.7265026029310947
0.4846158867333286
0.3444166747821851
0.1419328498358789
0.0539198733687615
0.0553234175639255
0.1527063925663897
0.3145279537653317
0.5138518546794784
0.6432299505162073
0.7800590648078195
0.8406421803436056
0.8873980193422224
0.9328401640551592
0.9572712866158553
0.9568760763222224
0.9795355484859446
0.9869893537876578
0.9886689255663111
0.9861092617690920
0.9908622287603247
0.9960588184072704
0.9988753959213151
0.9982882917699352
0.9985732894650922
0.9999193430942224
0.9997521454470106
0.9999712847047814
0.9999943215216922
1.0000000000000018
1.0000000000000016
0.9999724705362902
0.9999887537433847
0.9996182759211554
0.9990270760515563
0.9980007294350769
0.9979064013831833
0.9958768396450439
0.9909382504132107
0.9907086867875915
0.9830103209848002
0.9787843549807212
0.9592253401265277
0.9553073729719365
0.9457632660808863
0.8974216724608564
0.8486258967393607
0.8175352406573092
0.7940701062582367
0.6060522430458434
0.5123666292280646
0.3372579153325513
0.2009012877999720
0.1072772002759958
0.0484197909799841
0.0514881565369401
0.1134420638174536
0.2267463190908939
0.3345974388074461
0.5418976978149368
0.6650686365283299
0.7102095079462932
0.8477907173953027
0.8513746454439263
0.9070521627194850
0.9013396855127470
0.9401140108808720
0.9769044737752778
0.9730704312745184
0.9885450803998329
0.9893662070936488
0.9891268365195625
0.9940246800144974
0.9966176332495181
0.9990253645794952
0.9995214945619397
0.9998833940265990
0.9999336344880234
0.9999990320634832
1.0000000000000016
1.0000000000000020
0.9999983087299653
0.9997739310430596
0.9996886879508077
0.9996328850424412
0.9959203383767108
0.9960486941445523
0.9936985719522068
0.9879559028855306
0.9839385379886072
0.9717501031310708
0.9589263547763769
0.9345311820579003
0.9220899534636663
0.8761214649007366
0.8656892286991712
0.7304611840755844
0.6937439388697161
0.5935620517455820
0.5062695868057530
0.3617817887824859
0.2544256183952505
0.1523814334870092
0.0934863419441854
0.0422543192584756
0.0467460955263727
0.0752119791039472
0.1483765603620389
0.2493683963769711
0.3700723074216095
0.4782294163723443
0.5311185427372781
0.6894446855059816
0.7911219761788121
0.8554615418629026
0.8734827451274274
0.8897755933115287
0.9445437499655687
0.9396729462669453
0.9676820234418672
0.9849954148290270
0.9839252371130907
0.9949434534306992
0.9962665606081086
0.9972821944974271
0.9987783426893142
0.9993485529491130
0.9997054570298001
0.9999984460435583
1.0000000000000020
1.0000000000000018
0.9999969481824957
0.9998421903885074
0.9997678023028896
0.9990605673131033
0.9963366765046258
0.9939515711751568
0.9828095006072803
0.9732900672758659
0.9606150400081309
0.9338883608330862
0.9326673611322802
0.9049570678489564
0.8445177150629815
0.8197487318504395
0.7242707817660232
0.6970520794150394
0.6020984101877080
0.5328924062100893
0.4377332653230663
0.2908427838763196
0.1884710630766854
0.1235316172581743
0.0715913760540227
0.0440618232608205
0.0400446150014808
0.0783692285438475
0.1207725503228885
0.1887452412476444
0.2565304781948856
0.3676440565263924
0.5518187755893952
0.5742213842738800
0.6989471813864226
0.7574403206528908
0.8186683376439231
0.8581326657409007
0.9063600617943294
0.9537172770535950
0.9544401722228643
0.9607945741250661
0.9767759521876577
0.9833760787674952
0.9948884865103593
0.9968254309678731
0.9969736025354798
0.9996738485655677
0.9995200124462368
0.9999911859672281
1.0000000000000018
1.0000000000000018
0.9999940120401601
0.9999354278434971
0.9980019347722370
0.9967498375273357
0.9920040690694147
0.9913221301821936
0.9758126785022004
0.9772975708393343
0.9383364104500066
0.9331341413576912
0.8970314738148053
0.8478107443659803
0.8146841527582254
0.7730032684412258
0.6850223544462601
0.5913597394166487
0.5265080049106787
0.3769123013727319
0.2954346938985904
0.2404530927731346
0.1441132166711798
0.0893700321779549
0.0684290671481550
0.0363951920033174
0.0385925597347228
0.0589651930563652
0.1049597925683758
0.1569403085530412
0.2273038173410291
0.2880350606497964
0.4412759125653009
0.4942397975189474
0.6258463931871164
0.7176974314966625
0.7551022370166550
0.7608878922016252
0.8637225534673061
0.8963993517539826
0.9278248140131001
0.9667045316128805
0.9676810012318700
0.9737853430912975
0.9819648776592014
0.9943817811010943
0.9980650067691607
0.9991381774568127
0.9997735055316951
0.9999942889640860
1.0000000000000018
1.0000000000000016
0.9999840878708532
0.9993706236616593
0.9971363112712958
0.9929685761930184
0.9920327141423778
0.9838434838768395
0.9699865064551912
0.9642223389375101
0.9337397043716028
0.9217740822365944
0.8795833316399877
0.8327233670293309
0.7509459083808473
0.6920191616088318
0.5064306240200434
0.5060602347450571
0.4436024214951225
0.3616921850883591
0.2155042169357438
0.1890090212060797
0.1300123132501192
0.0870858993345762
0.0594142038783793
0.0356725393395867
0.0354353819031656
0.0605281171749931
0.0810671898232659
0.1324236209271108
0.1865101409041712
0.2218678639208498
0.3120075758527376
0.4010687685605583
0.4946045101167955
0.6333372413009027
0.6617255610632162
0.7289862747027572
0.8132365334331364
0.8605922908149214
0.9005213840925063
0.9321689067205484
0.9431121221650761
0.9747799011376151
0.9800654665360251
0.9935967541507505
0.9960516021919706
0.9974872968299593
0.9997038715045302
0.9998069030805665
1.0000000000000016
1.0000000000000020
0.9999863946350872
0.9997290250103711
0.9966108635132801
0.9912378842033003
0.9859880776259361
0.9788417615197506
0.9669282800762793
0.9438874917085694
0.8725724444531836
0.8533132515107575
0.8025613836471770
0.7582629915644770
0.7280498158697863
0.6327803420057941
0.4709363408589310
0.4221271909589594
0.3160858946707690
0.2921675761725753
0.2205996187610037
0.1473695628335702
0.1159430255530326
0.0801097803158988
0.0565910020215429
0.0386436257348144
0.0353117577806491
0.0562029559447008
0.0905365947554570
0.1113659226732517
0.1428875544167356
0.2148323888417581
0.2705717815518430
0.3822718464807358
0.4143095674079914
0.5354747139009188
0.5875628511520846
0.7050198728514657
0.7811857760955777
0.7929457437410585
0.8719195187007606
0.8943507004281350
0.9224515661753846
0.9650663396096532
0.9769191566276477
0.9874098193525790
0.9933745475732990
0.9976332417690659
0.9997813991802817
0.9999800637645906
1.0000000000000016
1.0000000000000016
0.9999621884555858
0.9988903362055500
0.9961351528380054
0.9891524208315149
0.9772124842119095
0.9589731248522237
0.9343288718963964
0.9208606608323960
0.9118161765287834
0.8099742617369760
0.7830226860205863
0.6957006403944201
0.6550493535149485
0.5032801049783840
0.4586009570571553
0.3806655507250454
0.2740735029476638
0.2477422506864570
0.1902702404279940
0.1367407709122989
0.0934935016706970
0.0858161042647131
0.0502203697584424
0.0355683106509964
0.0353678278558433
0.0575441460001418
0.0740250505343141
0.0989104249716289
0.1237365773218537
0.1915680913374816
0.2127921349607350
0.2818301740488790
0.3781947005460892
0.4086580789220833
0.5061907029231040
0.6108046227954619
0.6561747095703288
0.7530475721640910
0.8187539261940897
0.8689076628678416
0.9138003622303776
0.9480253471089288
0.9769647928329049
0.9810963327400626
0.9920351592437855
0.9959388434582958
0.9994870324814517
0.9997664796068045
1.0000000000000016
1.0000000000000013
0.9999505352304965
0.9995075630147600
0.9956425033736817
0.9924847336188943
0.9862427035451566
0.9599742491603024
0.9281738437941142
0.9077426700761014
0.8652931543908007
0.7862225247095147
0.7170686449370115
0.6377301150085729
0.5910631649905970
0.4432549625453236
0.3852879791844426
0.2971082006713824
0.2579885996831458
0.1975181496225935
0.1539005245686362
0.1184167401041346
0.0933677382412845
0.0626660537266572
0.0508608946892076
0.0334479140850991
0.0349066832952210
0.0479138789793124
0.0764599491188107
0.0980909566914186
0.1136691202394387
0.1597085533461756
0.1915799430659702
0.2472378732681716
0.2993843506831121
0.4162397681679457
0.5178515792107006
0.5726190915328594
0.6326217971161396
0.7404902253699102
0.7646645177400980
0.8650347214319951
0.8827096688244948
0.9387088987776006
0.9459139096468524
0.9784422882295807
0.9870544212203790
0.9934594917682321
0.9993122754796931
0.9998771044062555
1.0000000000000016
1.0000000000000016
0.9999343217184632
0.9985537354040389
0.9931978027121626
0.9870115368690764
0.9690074395673431
0.9493974556987811
0.9102323627819798
0.8577607196884048
0.7937946669763926
0.7574323897488724
0.6691323345517837
0.6189440923894529
0.4927252365437225
0.4231612171865199
0.3757265870650156
0.2544949571013961
0.2338126970861184
0.1578947039639137
0.1313823709646927
0.0983862225745769
0.0849085164491808
0.0687024855052527
0.0481623144635390
0.0334030011171563
0.0325177360206175
0.0460075118722804
0.0654799527202265
0.0801893774077217
0.1251149096596921
0.1568117440243693
0.1850276509501480
0.2507949188950179
0.3106794026952244
0.3660902764617571
0.4422499604852448
0.5173309160917544
0.6064527963530685
0.6672340543944080
0.7624732039652274
0.8216806705171773
0.8634513669018612
0.9258336554069330
0.9391586295113963
0.9625766180244870
0.9852090863713763
0.9957480613965086
0.9975554359209191
0.9995854920748694
1.0000000000000016
1.0000000000000016
0.9999465412123876
0.9967107772417398
0.9960435075402345
0.9877335358309094
0.9544184936198481
0.9311694293287218
0.9098032825406547
0.8426496653733064
0.7560648185328546
0.7160332796230001
0.6510786907495772
0.5725178059869098
0.4161727138800470
0.3587728607856506
0.3338728472144062
0.2373604609605795
0.1941337311546176
0.1554978828032716
0.1331405868267391
0.1102570958095279
0.0771716695067458
0.0632976543049580
0.0458758022531705
0.0313142508255046
0.0333685295233896
0.0511997176492048
0.0604867274354079
0.0823690025719519
0.0974840027083066
0.1478270223606193
0.1749565570094715
0.1888945987833818
0.2481620036200133
0.3017287439433162
0.3623946701269304
0.4488718897874338
0.5414581953404967
0.5905345382700509
0.7053694593653997
0.7585431622635963
0.8446164025941775
0.8819909862993436
0.9280642486679337
0.9561352972593078
0.9827647721152949
0.9920075301631343
0.9988078585954842
0.9998828436112183
1.0000000000000016
1.0000000000000016
0.9996472273944675
0.9987037113801591
0.9899417069333788
0.9740931567590821
0.9527428529879444
0.9023871655424246
0.8643325377712916
0.8336621225171831
0.6995304118891458
0.6182201613941515
0.5873006260105690
0.4675296443765866
0.3337417281841539
0.3365372620445367
0.2693707883028469
0.2253996406983857
0.1948839617553849
0.1640645549930990
0.1062297103792207
0.0943326624137306
0.0783849429729121
0.0626829404755566
0.0417793074015713
0.0336588790287375
0.0316966059718357
0.0436586954737091
0.0610744125668606
0.0765253530107545
0.0935597655158895
0.1211299472313134
0.1487947991978799
0.1882109019431009
0.2087036504505053
0.2647979877077229
0.3158564534097434
0.4287612270467958
0.4921112869818368
0.5612112782784084
0.6339191151698278
0.7406515255842895
0.8215848830013456
0.8852244839142100
0.9137039748621969
0.9534901144510910
0.9678464386649743
0.9841795102626586
0.9974378968573500
0.9996981367588818
1.0000000000000016
1.0000000000000020
0.9998964353144042
0.9968423152480195
0.9910747260317672
0.9750493782662378
0.9354660052214636
0.9010589202596649
0.8537244787605018
0.7656373799160583
0.6736970933369902
0.6327220794598796
0.5273146620865946
0.4744161119860508
0.3977627242524177
0.2723928933538398
0.2426621768088537
0.2037766303457048
0.1625356687748178
0.1306076364397094
0.1147063271872003
0.0867861194453935
0.0691986802138635
0.0544974325858814
0.0412835560222520
0.0310799646784910
0.0290791210522751
0.0460430423601806
0.0505892333611985
0.0769940992361586
0.0962724420176337
0.1219350176071416
0.1317648409967367
0.1745059892349543
0.2016720097963392
0.2856043717461595
0.3375748017342353
0.3801001382294013
0.4370007547717196
0.5361199906240611
0.6091953584809711
0.7153545995955448
0.7798881712604303
0.8624078435199776
0.8996287146129047
0.9544793922888447
0.9736036643389376
0.9872595130791869
0.9971607301696999
0.9996505484985877
1.0000000000000018
1.0000000000000013
0.9997151289273536
0.9940275461767162
0.9905282039491211
0.9667340133729637
0.9197843483374283
0.8745434738329446
0.8455084989582075
0.7734606674418694
0.6369043382012892
0.6059999484528005
0.4762378897280272
0.4219482261646642
0.3523932757251358
0.2730618318547816
0.2456828228735009
0.1826370650165344
0.1384251813975808
0.1270538991668634
0.1057561598215640
0.0799450152770202
0.0718292930673088
0.0558881050208325
0.0479301902091512
0.0287483092217849
0.0290545877737365
0.0446274947654416
0.0523445164646487
0.0716854772113393
0.0911434954162603
0.1136270225859585
0.1435587822623513
0.1575146607230722
0.1909226647162119
0.2345343559196088
0.3025503516425735
0.3216237338386139
0.4390197849885832
0.4879914735170409
0.5924213613951791
0.6790477200604328
0.7379232823825201
0.8245741221809603
0.8806124487104380
0.9388776905342001
0.9718408466744990
0.9860118712176767
0.9936987777805216
0.9997276958001494
1.0000000000000013
1.0000000000000020
0.9994963517411330
0.9980807710699330
0.9863328243963224
0.9515339259990208
0.9196311057432884
0.8803241035507182
0.7925792818499795
0.7068657059129503
0.6198443512204715
0.5320966690375241
0.4253587381493950
0.3864654445535110
0.2854455375672941
0.2392446325197981
0.1991848998400974
0.1956027641277618
0.1401861155125799
0.1211258829754214
0.0939226697365723
0.0928061597343022
0.0639662205356638
0.0505665622896256
0.0385814588306770
0.0274594720184352
0.0287983124161993
0.0413246491631507
0.0553790134791188
0.0662317793147747
0.0828215303199937
0.0862502725238052
0.1233147366103563
0.1378118510059581
0.1599247335864211
0.2198911272975606
0.2450126697458135
0.3530752054067251
0.4086459481338527
0.4429465365400793
0.5470792856113564
0.6330592501654035
0.7012095880168715
0.7788631007229462
0.8654961170553157
0.9200178862760697
0.9580617391790066
0.9796974661337374
0.9951093114920138
0.9997282621180037
1.0000000000000020
1.0000000000000018
0.9997939054663437
0.9945384101991093
0.9792887489582769
0.9668496176249285
0.8894386860525936
0.8314254625046674
0.7467240391083816
0.6688465562751483
0.5389888986486545
0.4786761573270181
0.4347050952017219
0.3914599886398061
0.3144103980417427
0.2188814425277893
0.2299711099750533
0.1679262448985377
0.1371902580421691
0.1072416303586133
0.0885524229143677
0.0836342930147358
0.0711250647583146
0.0526338536246116
0.0447615376384051
0.0312870115375449
0.0287125268150761
0.0414996419851938
0.0502022482755933
0.0628766746995104
0.0745638296425907
0.1064832069574202
0.1169191306018673
0.1373305619596828
0.1451211534499636
0.1977724517794113
0.2112245731427025
0.2474621854756682
0.3575843625179833
0.3677361473795118
0.5210253554584586
0.6216436969845974
0.6579550215552690
0.7647369601160500
0.8272898821790001
0.8938481906612266
0.9525614060379382
0.9745907026255305
0.9939591500594052
0.9989631909885395
1.0000000000000013
1.0000000000000013
0.9992201814790995
0.9969380047238920
0.9789596726511594
0.9409745878706174
0.9055879368465679
0.8135030010355374
0.7443950177339336
0.6623280792066411
0.5883312907979954
0.4871433849760992
0.3957636608238935
0.3667215466659282
0.2192277635821623
0.2528283993133424
0.1810014850177840
0.1481109716827455
0.1198843093538640
0.1077658031660741
0.0866622181859651
0.0788254667497813
0.0570622832916516
0.0511238294707355
0.0398394244054048
0.0273413301521613
0.0301291284304237
0.0440736512391545
0.0585580948423484
0.0588071430789139
0.0777713919294767
0.0833406931125436
0.1095182216618671
0.1092593218775377
0.1471096927259212
0.1854947944344855
0.2259891136231533
0.2718022405789999
0.3183865357100357
0.3682749623520642
0.4592442748012562
0.5396756933908862
0.6390377585606781
0.7319660508431262
0.8357999401805345
0.8576528036253233
0.9544933941939810
0.9766650964317455
0.9938629573141745
0.9996407945241883
1.0000000000000013
1.0000000000000016
0.9980547245686359
0.9938482284649066
0.9705657279796066
0.9394903541629671
0.8664308488517894
0.8024610857018504
0.6752660975856402
0.6572700110661825
0.4964522942077322
0.4350625762852507
0.3683163120835216
0.2999827681301914
0.2532236707201707
0.2030417189694984
0.1478556367792229
0.1341778026378367
0.1284595744522016
0.1010457928818836
0.0812230410787408
0.0713935478100610
0.0614774379393236
0.0477393982158143
0.0420961553064066
0.0274709890915585
0.0263572576637874
0.0420397114824851
0.0515122182743633
0.0592659087074048
0.0724480355719233
0.0811339374787375
0.1120806562780089
0.1165124700209318
0.1278824982228220
0.1534337578703977
0.2195161290193064
0.2328156147073097
0.2947443308762198
0.3298940775143063
0.4246095534732582
0.5524549117445233
0.6196074115307447
0.6845827942416717
0.7865941792675022
0.8477686653457319
0.9316658292403384
0.9822722474619066
0.9921284941667761
0.9990378632486629
1.0000000000000016
1.0000000000000016
0.9996589680057808
0.9942539549734625
0.9746754365926429
0.9224392954148000
0.8501365371003079
0.7930927555698276
0.6922516864469791
0.5976691668732553
0.4697300692341405
0.4117971990633542
0.3224464739806654
0.2689784663647027
0.2121753023077843
0.2037444452579932
0.1489197826687830
0.1358446106725621
0.1125412515318159
0.1100902083635137
0.0893266205852055
0.0726032318761447
0.0597195982391843
0.0466533479922557
0.0376253282218991
0.0261299444795425
0.0290270533787016
0.0372544376257055
0.0473735750693014
0.0564034030975537
0.0730183346670677
0.0813499861788779
0.0932878216992172
0.1068143443566345
0.1292699349157199
0.1515079902937306
0.1790100381322274
0.2161828073505718
0.2704007137849244
0.3320731572120573
0.4189046884761582
0.4746802135839558
0.5357662604828335
0.7011409864798258
0.7725619423349043
0.8353305612907835
0.9376139526449538
0.9699978857761166
0.9929568571138819
0.9992078623763313
1.0000000000000013
1.0000000000000020
0.9995356878200524
0.9904140979647703
0.9686186123031285
0.9215219780232785
0.8611239293174887
0.7590021830680468
0.6767770939749941
0.5765812033866453
0.4324347166211956
0.4129992283351082
0.3206333442442956
0.2818622322945860
0.2012220389652449
0.1786927346751955
0.1579177849866706
0.1408615194762143
0.1109251331061456
0.0902907571671193
0.0740313748931083
0.0741499383931712
0.0582748681359118
0.0497875911613584
0.0366617454578373
0.0286733389886132
0.0276763777102709
0.0383456373075634
0.0462358430067545
0.0593100454649422
0.0600116817374356
0.0788521703833035
0.0933979952123023
0.1180054061029738
0.1362799663473465
0.1480458603289448
0.1837274368619043
0.2180128865078460
0.2595409219215016
0.2758884181921387
0.3880637173249023
0.4917176266229451
0.5902367683041775
0.7396105910266224
0.7442218380225684
0.8509279531451739
0.8986247985587270
0.9602944504177172
0.9879848645228100
0.9993082815909262
1.0000000000000018
1.0000000000000020
0.9976264494847037
0.9888682566940340
0.9652630079027829
0.8971164461530183
0.8407338197715319
0.7535174426627379
0.6280581637032595
0.5581225338317215
0.4566182440089609
0.3805317009632064
0.3071496839742251
0.2372410452918128
0.2105448857945473
0.1727742075151420
0.1390801502023647
0.1232677373375474
0.0980383870553162
0.0870011627692173
0.0741605450909761
0.0613304886287896
0.0577468621873582
0.0457738359688752
0.0351164222764893
0.0274806665192316
0.0261941054414925
0.0362483273614124
0.0419525360769292
0.0505983810814278
0.0633970805074710
0.0727619853719161
0.0840897562300578
0.1073834276295346
0.1117723530742850
0.1605721315067083
0.1580980104209266
0.1968165064252122
0.2670671976422382
0.2926502243185556
0.3396824133846635
0.4524088337128646
0.5689686930026127
0.6519056418736994
0.7634966733241976
0.8500206060723892
0.9042549516877340
0.9513305115726693
0.9879082445545415
0.9989818044548774
1.0000000000000016
1.0000000000000018
0.9978837921202167
0.9863983465602487
0.9474333149810067
0.8853610871843511
0.8144882896174642
0.7062411819450586
0.6134634772108225
0.5414076221846698
0.3908497594108064
0.3575771977853659
0.2831763001694385
0.2211846203651778
0.1974275552643022
0.1712334789734553
0.1434505452213970
0.1121720063041587
0.0934394182209595
0.0841400287887442
0.0809022652645493
0.0650291339841583
0.0537341550094027
0.0436200566933104
0.0383559797117444
0.0266359754933216
0.0298365607606548
0.0363548906111410
0.0482634639661741
0.0573887150808874
0.0581363086494285
0.0741217583665846
0.0943099827829166
0.1038765555510722
0.1111627929882004
0.1348646765003947
0.1522563625518523
0.1867234989268571
0.1964616458682742
0.3025834672190254
0.3761807234048218
0.4070655381491397
0.5015724812068401
0.5811297409778503
0.6874496958850583
0.8271699210282132
0.9117292484429642
0.9458741917188441
0.9831308761016553
0.9994629944247618
1.0000000000000013
1.0000000000000018
0.9981353755964323
0.9844946836659546
0.9575366570819479
0.8798371750384320
0.8244113606349812
0.7071403206516587
0.6078895898732480
0.5034060683339561
0.4084146931672365
0.3347875169497607
0.2703966832118438
0.2144434656199452
0.1892052134777735
0.1509244058575747
0.1288467755556644
0.1261403914984199
0.0975009111441752
0.0821528620649240
0.0747701390121769
0.0632005550792588
0.0504644686683817
0.0468346175387749
0.0371562161357412
0.0294437348804157
0.0278696286128762
0.0388080291228436
0.0451530519407496
0.0494511211784178
0.0665400416275599
0.0696877777009298
0.0814675713331120
0.0903106564850500
0.1191654548803379
0.1250114089934047
0.1718174550525207
0.1931793729852571
0.1955131045362944
0.2634029764676830
0.3378324034289756
0.3903256700360084
0.5269079442479091
0.5755446982965429
0.6776749445223527
0.8025794571462493
0.8934219115286399
0.9426697062173639
0.9879662434285702
0.9987672211059438
1.0000000000000018
1.0000000000000016
0.9983766277676424
0.9860086153486458
0.9420782545497516
0.8912883072656353
0.7664249437650241
0.6926427578549994
0.5827359205987599
0.4774858325641196
0.3886215241803963
0.2974465890010418
0.2490934747423717
0.2282380149261559
0.1742076383162821
0.1353530526196263
0.1333717089272992
0.1035152528197863
0.0931706155767595
0.0796660281570740
0.0651394261937020
0.0599279410730961
0.0535162914504757
0.0435260472976704
0.0361751179781377
0.0280288413107974
0.0254477133386730
0.0349438449916507
0.0433721976117227
0.0513131551004834
0.0634498555749213
0.0709841718082204
0.0914117999522329
0.0976614531552603
0.1185020380713149
0.1197899876058052
0.1538321155679149
0.1616496778636145
0.1971882487557085
0.2561306030797197
0.3022836065100890
0.3548663268305720
0.5133488692028859
0.5628332547209347
0.6830774961686358
0.7948679134560050
0.8796113922691078
0.9634568630067059
0.9828860979914503
0.9993295064010298
1.0000000000000018
1.0000000000000016
0.9990906588239151
0.9855276484698789
0.9424925527524396
0.8713050086309952
0.7615385990412517
0.6597622263129324
0.5534229905210141
0.4317197902478851
0.3469345183501443
0.2968425995388949
0.2412162449914329
0.1954576682736323
0.1795707348886985
0.1490922053483840
0.1180636552760102
0.1023206446480170
0.0880745619745710
0.0777680753221368
0.0729593900309001
0.0614893688711909
0.0465577300276431
0.0429635013799479
0.0363494808897327
0.0257177435466983
0.0250686264389821
0.0325091161691459
0.0443421344461069
0.0464327731155557
0.0577611642579739
0.0730878599608175
0.0855418795112341
0.0865410368433875
0.1054669406487857
0.1247737490178421
0.1539310056242640
0.1538602228978125
0.2010733347083148
0.2495294650996540
0.2791567229046450
0.3719900893830831
0.4249264886990116
0.5431732714417272
0.6808290270718436
0.7745837664445338
0.8567605203444717
0.9518121289066107
0.9860749242979572
0.9977200008557815
1.0000000000000013
1.0000000000000018
0.9977626320829678
0.9848187051067292
0.9432159581429418
0.8552784466535598
0.7437106751580067
0.6069832131397377
0.5016253037288775
0.3992680978540120
0.3296451207103992
0.2659096155516983
0.2250436897951563
0.1922886465299830
0.1595299506452403
0.1534267669945349
0.1271727583673859
0.1062863993453680
0.0887917082175243
0.0828719235593453
0.0720182337856989
0.0553019468225534
0.0476748246011035
0.0398579926723313
0.0353497154619501
0.0282167306059448
0.0265926288520946
0.0347913649766050
0.0426135641243075
0.0484377688321539
0.0543597956910354
0.0722510457291331
0.0763134975141561
0.0998139518071698
0.0997295837873329
0.1135607977407981
0.1429908847128428
0.1524218643467405
0.1713563373032393
0.2472639835843789
0.3029507407270368
0.3253625745563500
0.4527629867859201
0.5167541491712362
0.6599076558541714
0.7496590620074768
0.8644244614115817
0.9408734375222133
0.9798616190615023
0.9987917271987681
1.0000000000000020
1.0000000000000020
0.9981693083911851
0.9813586157673416
0.9458681918942274
0.8661229536860913
0.7490080167518061
0.6600203560746594
0.5171941094828406
0.3992391382216722
0.3386952740040063
0.2621403037605952
0.2086092910293597
0.2365025194111314
0.1463429494676960
0.1352781350312604
0.1076184365271297
0.0904560585852447
0.0795429611006895
0.0745185424278643
0.0611304294761893
0.0560460396121921
0.0481053221628262
0.0434503781191256
0.0334009748698512
0.0263206979737158
0.0279857219204533
0.0365235626938781
0.0444493672486201
0.0478953689309349
0.0531999105099967
0.0673505411587300
0.0821515983153735
0.0905849163783401
0.0911019896534183
0.1128844194770579
0.1359583687134913
0.1483974840497464
0.1600567166708350
0.2144744035236575
0.2722255391347355
0.3360924700751360
0.4151171136416286
0.4944408146078103
0.5587488839382001
0.7523390173426017
0.8439983808338187
0.9264562809421882
0.9758232271980549
0.9976841001040582
1.0000000000000013
1.0000000000000018
0.9984782162444915
0.9713694696749284
0.9336901636831407
0.8467575592230996
0.7217082584052781
0.6247804253812317
0.5032049997754111
0.3708941242120827
0.3105822706440652
0.2427607857850179
0.1958799145806641
0.1893963360187615
0.1364708239535585
0.1265244295056551
0.1184316733701694
0.0984857061544424
0.0887966438594364
0.0695885375375416
0.0668640053181427
0.0527376658652994
0.0486248469810864
0.0419549188975511
0.0350414109350107
0.0260104898680485
0.0264880750516326
0.0341274337817108
0.0420140409479019
0.0472033023457162
0.0527039515587894
0.0630611914984998
0.0759097909750599
0.0840968085085087
0.0931877914672622
0.1105132691713573
0.1305504833085731
0.1542005997335853
0.1753369545782713
0.2107924428976108
0.2532824371235348
0.3186395389835414
0.4210329757813253
0.4618799779661904
0.6178244206288489
0.7478782173430140
0.8612128721922552
0.9384963995053136
0.9744921882939082
0.9983538700103990
1.0000000000000018
1.0000000000000016
0.9976110670525705
0.9733237730504943
0.9209980415271007
0.8496594444859661
0.7599554424118734
0.6260179898010265
0.4899018380020665
0.4009218173322451
0.3172585897856084
0.2399862142991941
0.2060961257053529
0.1649438732617740
0.1439225040124394
0.1347030925341738
0.1026478311295871
0.0908992697290315
0.0784717799864350
0.0670519417823770
0.0630985777869508
0.0542148722000034
0.0482952135293352
0.0397717516010400
0.0335991978695091
0.0279450525983537
0.0268111196334892
0.0342393462174626
0.0385571176444470
0.0440949808819995
0.0528940884235499
0.0565686351035078
0.0717368118413483
0.0831918031769446
0.1034931794805457
0.1154317579764386
0.1286478136163527
0.1464561432892070
0.1841545117385805
0.2069256552611737
0.2577512973507860
0.3221044597870122
0.3536436069547305
0.4662051830674366
0.5969419502500026
0.7163319717545656
0.8445015094381095
0.9322537138138619
0.9701655208709529
0.9984446581446722
1.0000000000000016
1.0000000000000013
0.9981462399719969
0.9755768678482610
0.9017695130517376
0.8246573178403390
0.7466491913224249
0.5688857652268974
0.4712385103557092
0.3516619963955911
0.3000116790603499
0.2555359753043244
0.1954897926059450
0.1652225342744070
0.1542191623630928
0.1299495808834896
0.1009658863654957
0.0888077192957867
0.0925709560831229
0.0689454698293910
0.0685010914400820
0.0552117879161995
0.0490193725785563
0.0431912041694105
0.0331735466498351
0.0248197654814467
0.0268860182771535
0.0328999960007422
0.0453012305071985
0.0482088854523948
0.0547766386146539
0.0639565137888769
0.0668494183645635
0.0816685024482913
0.0948162120040659
0.1008867548053531
0.1228678119230075
0.1336160354091873
0.1529404284453861
0.2112573248288520
0.2549490434914428
0.3114969985298599
0.3352157493135263
0.4389203042851014
0.6060876122798440
0.6927957945673804
0.8268555406459054
0.9040564334997548
0.9768399010301275
0.9972691365633866
1.0000000000000016
1.0000000000000018
0.9979865354511960
0.9785985307685996
0.9186429558577186
0.8184436448604697
0.7123702321826704
0.5728850843862442
0.4510066133732608
0.4088282021800694
0.2952068733987096
0.2608161128946155
0.1960090437116203
0.1653842727458200
0.1406436974800702
0.1123321564815407
0.0989498755411990
0.0911890848514887
0.0721003547792457
0.0761075855800453
0.0605480060919086
0.0563905588492636
0.0440931737970318
0.0398457718119440
0.0340044186188423
0.0287408016424533
0.0277398392590279
0.0344053921700809
0.0437423910940702
0.0472344343741166
0.0540408904265592
0.0638347660673512
0.0667569482703066
0.0750707808856709
0.0862295800218462
0.0928689513369359
0.1261153579547545
0.1352160030328714
0.1603882184283455
0.2084634939490473
0.2256034904461431
0.2913760860350331
0.3536887121640913
0.4819166047551565
0.5899671747181553
0.6937680302387741
0.8306698804687868
0.9318675904734215
0.9731391546608907
0.9976710878619627
1.0000000000000016
1.0000000000000018
0.9981883571284905
0.9734293012668146
0.9045135437781056
0.8126324593561781
0.7007459813678734
0.6000206621967799
0.4549261019985237
0.3519121567933663
0.2911088127159683
0.2408477050306168
0.2076340288980188
0.1825634808355376
0.1390833859912339
0.1110145577848698
0.1080934048435198
0.0873171610512890
0.0822956212412424
0.0701263169984564
0.0613525389466854
0.0570294837674018
0.0434953513339749
0.0402502058767266
0.0331407817219617
0.0263449746548942
0.0280582028761165
0.0362869321975705
0.0405310422130153
0.0404630143811911
0.0568874404270806
0.0621286533491436
0.0643220806284211
0.0830276599164790
0.0918577521392432
0.0981536485850848
0.1167425264590843
0.1282732468778882
0.1683004902344685
0.1839735080783634
0.2356489977725967
0.2859003706204886
0.3908498638815938
0.4320005103905933
0.5440772183102753
0.6948603775232955
0.8245941691672389
0.9185741363083887
0.9734317580298716
0.9977366368298052
1.0000000000000018
1.0000000000000020
0.9955634825555145
0.9739725067133888
0.9182133199911416
0.7900911324120974
0.7076425688383877
0.5589104152951340
0.4666508934732706
0.3417025263652294
0.2858977328972402
0.2159989780713756
0.1671938125110721
0.1431001385809558
0.1441346897305032
0.1218844403926829
0.1108307471707533
0.0884046582017677
0.0796243976073724
0.0712552392489388
0.0581179014510602
0.0505205879756735
0.0450129898089410
0.0389084055841961
0.0307434123029216
0.0268008531770297
0.0258145960389570
0.0336141912310376
0.0386177791785649
0.0423910131372854
0.0539472992942355
0.0600759273520493
0.0740635584311444
0.0783854923053947
0.0868438688019428
0.0969068119463972
0.1207304476425371
0.1394810847051291
0.1525152190171818
0.2037097651763173
0.2170014442367879
0.2629906524639687
0.3438508156837965
0.4735162878365395
0.5702760305552497
0.6833617849641713
0.8004131359513934
0.9076878005393411
0.9784793222056075
0.9976486658249911
1.0000000000000016
1.0000000000000016
0.9957169360566521
0.9699459633639274
0.9050726223982727
0.8274337914353758
0.6799583008531394
0.5708905122227963
0.4060078088921814
0.3588183572786125
0.3076611451560977
0.2205542511677187
0.1996255908657985
0.1608046956281061
0.1270856777110956
0.1084930356597231
0.1012568840555148
0.0823888346293274
0.0750817955266472
0.0697928368181395
0.0585001694310514
0.0503833866611919
0.0456926844291300
0.0395780891145898
0.0334077411400609
0.0281316002875518
0.0254833409230745
0.0345711907163747
0.0410009953589508
0.0440431607154061
0.0521423922904778
0.0613946881103248
0.0687994889606844
0.0707973255702568
0.0937010199859925
0.1065933980719349
0.1276726950260513
0.1272732219978412
0.1550154735706810
0.1981130334005694
0.2325769040398328
0.2480043407235506
0.3447785283201071
0.4380283376608015
0.5569435147548432
0.6486963308312442
0.7907147000207631
0.9040288170012474
0.9686412903255319
0.9935322009866756
1.0000000000000013
1.0000000000000020
0.9984028801486652
0.9789667790162916
0.8969648424786075
0.7806104588928616
0.6441086443997946
0.5523971410099496
0.4726102579483104
0.3603084673373759
0.2584318694205776
0.2092088871416834
0.1806427688793328
0.1494765553525253
0.1546545045611720
0.1105947241606391
0.0936904404661153
0.0777875857818631
0.0766222802472528
0.0642206054699306
0.0595686805966439
0.0545979793994910
0.0423998628821701
0.0410562099196267
0.0338869107947279
0.0249993885222956
0.0249876861856750
0.0348251664917794
0.0413329522157344
0.0432971037318967
0.0534392221774041
0.0566340672471190
0.0625922803317869
0.0804036954848465
0.0804090235131860
0.0975682874623033
0.1110015080309093
0.1211631536772097
0.1803849190172401
0.1702843131492324
0.2084122786104654
0.2485185522307995
0.3452028787140834
0.4641613701108247
0.5431465963529197
0.6751566200340305
0.7786446553281231
0.9015241968465663
0.9760762234847080
0.9951623558738711
1.0000000000000016
1.0000000000000013
0.9956006945765771
0.9731586971759383
0.8967843588510747
0.8020910268788090
0.6611832557498134
0.5175544252457326
0.4547848707431447
0.3519400497412473
0.2555014003552976
0.2232498426208914
0.1995074242525534
0.1582152210576171
0.1221412533636581
0.1166659566619263
0.0934162614473438
0.0839394213537077
0.0777961551038609
0.0638963904928246
0.0570045681883320
0.0514376323779512
0.0472669963170321
0.0419392554121891
0.0329582563804354
0.0255657393121593
0.0285583894862100
0.0316162364081195
0.0386636317921634
0.0475422469110743
0.0527967431853804
0.0628230423083318
0.0658978011042314
0.0758982918158237
0.0841644669505889
0.1039941508875814
0.1216938344575086
0.1331528472697986
0.1398021965990402
0.1702110355240899
0.2075137833717002
0.2586396091469738
0.3261473948675569
0.4498097200870220
0.5126446529269908
0.6628776687646942
0.7986734940634826
0.9180038596492068
0.9662270023437363
0.9964839325162766
1.0000000000000016
1.0000000000000020
0.9982920506409328
0.9632251269824013
0.9038071201107881
0.8046458314068410
0.6891803961415353
0.5722484114999585
0.4294725026736075
0.3501650616880234
0.2679013445401658
0.2210423524142605
0.1894545533046012
0.1562504374514137
0.1230803359593685
0.1148890383386625
0.1041289847229980
0.0871389233637307
0.0760328497323134
0.0690135833993890
0.0567300431249270
0.0497890216320281
0.0499685356263962
0.0384449179815395
0.0334956316471457
0.0293862766986811
0.0251222423203257
0.0331859447808612
0.0411922729709199
0.0412391950660639
0.0520763895756061
0.0610820027725216
0.0626597958034403
0.0755131508901025
0.0890434241387565
0.1052398056986644
0.1187055806042031
0.1361424672510585
0.1514782164874190
0.1779403769793272
0.2149723783340106
0.2869409181746098
0.3407816078553714
0.4468855231546848
0.5283744076894269
0.6591068431718891
0.8111040026264855
0.9173189867298897
0.9732706788477199
0.9970675097998999
1.0000000000000016
1.0000000000000016
0.9967936989470763
0.9674725587212708
0.9184152412514649
0.8104755957189391
0.6519381659489061
0.5314880878160765
0.4376949687742725
0.3548346275622436
0.2758361169786689
0.2138119843059292
0.1914373923573273
0.1517919816132224
0.1268207190943744
0.1021442791122101
0.1071213366266892
0.0815451219376049
0.0750722091159836
0.0697501491126976
0.0552344951599826
0.0531337717428774
0.0472328916547535
0.0400474511769703
0.0304971204396517
0.0299345081608609
0.0257590991769982
0.0367671184730225
0.0380267847464145
0.0467421820241209
0.0486906285562400
0.0551742227129878
0.0705071289184841
0.0699271262365251
0.0919230068089100
0.1005493836589079
0.1044157308737520
0.1283149334944516
0.1717798747187742
0.1816969562620032
0.2147094312631924
0.2682891484949482
0.3469031293343822
0.4146813442351283
0.5509811521708884
0.6959781822702157
0.8040454715810520
0.9143594563571633
0.9705682652040079
0.9970182437494176
1.0000000000000018
1.0000000000000016
0.9975980334560542
0.9771240431219275
0.8936720792348984
0.7911497380370663
0.6552618393521070
0.5206119303892252
0.4403239668412907
0.4187848723688345
0.2750330312099290
0.2132881549219337
0.1756560067050886
0.1476683340784171
0.1311284225564037
0.1229152267320663
0.0953502522754053
0.0858592420286369
0.0716893675411550
0.0605237255225236
0.0598373863742339
0.0549866967093464
0.0467004301268861
0.0403743804316716
0.0350929335474340
0.0274626498983376
0.0264630413779393
0.0331200444044488
0.0394036733772193
0.0442534681172440
0.0503993011302700
0.0641853389231267
0.0653174614661168
0.0717568426377900
0.0798459541196479
0.0971690144375539
0.1164207768223995
0.1243655781189267
0.1557170357486204
0.1833323593573854
0.2167871543688263
0.2892863752943488
0.3423712158902087
0.4375613165646106
0.5301074501022197
0.6717898082707748
0.7779548891763665
0.9171664535539664
0.9629385784667145
0.9976348875829045
1.0000000000000018
1.0000000000000016
0.9975070769807370
0.9738681635280512
0.9241854566692345
0.7906233000812261
0.6499275918919998
0.5390977020707074
0.3955972231955995
0.3220344679551304
0.2559449422107660
0.2109970819039689
0.1738592536353951
0.1619765030798975
0.1106998713113388
0.1077621010261740
0.0920618938845630
0.0854392784807178
0.0689650349325902
0.0671012788699101
0.0528495966110818
0.0512537201733934
0.0436722897322654
0.0411724986958318
0.0324574349309771
0.0261632664189340
0.0278466409640968
0.0365067873315499
0.0381787463472256
0.0450972861702535
0.0501335134015518
0.0572737235838585
0.0637289016040600
0.0702593691492525
0.0819013439312433
0.1018200346696382
0.1024866775612901
0.1335336607922079
0.1551738091973016
0.1582014370570780
0.2075067108091481
0.2570892305763495
0.3689892894065713
0.4290584511664515
0.5720578726036647
0.6512051107259745
0.7809785870510287
0.9045008228776745
0.9662871087966960
0.9960994761045268
1.0000000000000016
1.0000000000000020
0.9966779906789291
0.9701334065908589
0.8911538170626290
0.7582705996849237
0.6854416373388597
0.5144535629041620
0.4256680639862324
0.3609452803196818
0.2736183841242033
0.2361432957401301
0.1740887735859680
0.1529670368106022
0.1494087867045630
0.1183230320008868
0.1043021251006288
0.0846844032825774
0.0688918344232184
0.0679184729831118
0.0612674106523608
0.0504516881589167
0.0449835986999957
0.0355999714737267
0.0335068856666009
0.0287036234949255
0.0264111107388393
0.0308128211638025
0.0381171880744414
0.0475898033325561
0.0527532574636422
0.0594108467542187
0.0695404062576976
0.0718376873642996
0.0879542606464605
0.0951198041956888
0.1057937375539784
0.1277329933433355
0.1480216501604242
0.1938803316093015
0.2266590931976696
0.2564116292711160
0.3303698719314588
0.4282027512709178
0.5285068526743054
0.6772777576941553
0.7917336692586247
0.8992508083460355
0.9760115047857686
0.9960246101780701
1.0000000000000016
1.0000000000000018
0.9950176275951566
0.9784095546465030
0.9021659841383982
0.7927231529181695
0.6554011144566824
0.5972893996835770
0.4307914857305408
0.3365803918259939
0.2800104001853207
0.2051088681464612
0.1651066038208924
0.1398981209789084
0.1304101280649267
0.1137194649513936
0.0937932169765980
0.0915154120096555
0.0747975307579533
0.0706669795343332
0.0618234625254230
0.0479187393382565
0.0424166016104307
0.0394650243283394
0.0322804258538427
0.0247145538894250
0.0266180973366791
0.0315344300347039
0.0366531575030474
0.0500427371719169
0.0500128158988615
0.0591497639941383
0.0632825891752837
0.0801383823500570
0.0848795750790043
0.1042515411488031
0.1145792234760179
0.1309239118294194
0.1495375419196459
0.1862607443333847
0.2356338899558248
0.2354814614302068
0.3338143908611213
0.4472898069189344
0.5548305787720579
0.6559712391623151
0.8093524994598319
0.8913241188410194
0.9686383690306892
0.9975170655154963
1.0000000000000013
1.0000000000000018
0.9971175397007280
0.9735526294861717
0.8938500355482221
0.7984413231728098
0.6633091469712434
0.5223844679597066
0.4211311449398816
0.3467942794678846
0.2385429165347034
0.2576632753934519
0.1896233764190465
0.1454528171319516
0.1330783753358108
0.1187363092213163
0.1005923522453770
0.0795511771185359
0.0833705143841056
0.0617732369943026
0.0603660475359818
0.0496533095275883
0.0437717667270731
0.0416317281699041
0.0320126510272717
0.0260999949888067
0.0275077617212578
0.0304643970878916
0.0410160334650777
0.0429196792136067
0.0517200408019168
0.0549642689034594
0.0621842444326617
0.0724153442977193
0.0790636047791440
0.0955541594357720
0.1087772266577894
0.1249183495960929
0.1572824189805064
0.1665755305926826
0.2201114359133202
0.2570726301544504
0.3563081831083044
0.4361850128679284
0.5429875179375263
0.6538087232546290
0.7966933535055355
0.9007628528342101
0.9719511200154732
0.9978920324824644
1.0000000000000018
1.0000000000000016
0.9971544230083160
0.9787042467470396
0.9034913188821596
0.8172514458177544
0.6861654299527536
0.5437688851715543
0.4203550302257361
0.3229974811608178
0.2781732218445294
0.1879048747022574
0.1861523611620448
0.1449399954391275
0.1320490364948923
0.1088894374512870
0.0948256710745126
0.0880035504573679
0.0773129421074119
0.0619342711064568
0.0560043828242901
0.0523229122840914
0.0451454545208009
0.0394459740652847
0.0367085146606789
0.0268251704759463
0.0270634672225923
0.0302994760840295
0.0409107493967484
0.0455945869603983
0.0513729473464641
0.0584373398247264
0.0583904220163089
0.0717998681773357
0.0827159185158861
0.0920126793453480
0.1057815379665186
0.1335020418924307
0.1405984170097854
0.1793517710397522
0.2080513023255929
0.2901390422545859
0.3583258513306659
0.4392815022469601
0.5380542009594116
0.6666896197664073
0.7969821425151775
0.9015317292207566
0.9700332009997533
0.9937850609092723
1.0000000000000018
1.0000000000000018
0.9960463230945732
0.9674108543158332
0.8954760911123257
0.7996030927341370
0.6652272941532319
0.5571480978389961
0.4235177548820729
0.3545539130788875
0.3003036108261526
0.2145833123634584
0.1590640916794751
0.1568773598254187
0.1204316555774709
0.1188836742296704
0.0928089258004695
0.0867363124979103
0.0701873786802613
0.0645672925151082
0.0634247396785647
0.0484766450903541
0.0417407477889461
0.0402855204849054
0.0325590801932397
0.0264787340660174
0.0267228702553441
0.0348314915701887
0.0395617858390320
0.0463237965884548
0.0518973298701738
0.0602672036128286
0.0623095811518847
0.0726969562956811
0.0851852533724927
0.1018858256885524
0.1096025705008794
0.1226166761251735
0.1424626018259589
0.1826064010657976
0.2060690968529826
0.2660772905011948
0.3623816169132717
0.4231932117487260
0.4836047346992042
0.7005315977196471
0.8134176970859780
0.9139324119921657
0.9655973210544392
0.9946428676716350
1.0000000000000018
1.0000000000000016
0.9985200086491139
0.9675799033667850
0.8888685105334587
0.7874616697018374
0.6844209241700703
0.5456492200019658
0.4074060151050395
0.3306858113961495
0.2490905995863291
0.2227382749786112
0.1718023782196223
0.1438152637954177
0.1299850842457490
0.1023436935571656
0.1023011822526534
0.0856585637143629
0.0696755821143835
0.0633174441115487
0.0549875402275527
0.0509014545431059
0.0454679120771050
0.0376710163663032
0.0330083174090748
0.0258076066413771
0.0266269210425499
0.0325261517938948
0.0405783391669705
0.0429949094687433
0.0493768511358005
0.0583531238127123
0.0675462011892474
0.0715496508498672
0.0848009589034251
0.0982029638789109
0.1108284455366608
0.1317793964581338
0.1379735289676163
0.1899333895496591
0.2067593022100540
0.2644873218028582
0.3470474848218902
0.4307692065971767
0.5144731390160159
0.7029196625156099
0.7927182461247197
0.9120180307062518
0.9699052736837216
0.9964658341419197
1.0000000000000018
1.0000000000000016
0.9974621804158308
0.9664560095602237
0.9054329646848746
0.8045363300361558
0.6492783840840041
0.5389813088475616
0.4017973443940060
0.3306382313428395
0.2785652302790484
0.2294480549945020
0.1876919042110440
0.1518971657246954
0.1450976008129979
0.1193926541322061
0.0976922481717744
0.0856192935842073
0.0815536775417203
0.0661468715777733
0.0604876491052661
0.0533543501155038
0.0476735089345504
0.0431107879566607
0.0341684701183638
0.0266304882285010
0.0283783089954851
0.0338644751029865
0.0401272827693838
0.0462311671634483
0.0507418289141134
0.0541222468112752
0.0698228687455315
0.0809852775707634
0.0830020931411393
0.0943429062147775
0.1125726908135924
0.1337637130829004
0.1415759074935700
0.1819287061255198
0.2269994157641340
0.2623713894055759
0.3172171105573990
0.3844814830843811
0.5453071467415591
0.6914029894053954
0.8173872318648251
0.9251084235372107
0.9711582655053335
0.9975259807104613
1.0000000000000016
