50
0.0000000000000000
0.0000000000000000
0.1282282715750936
0.1282282715750936
0.2564565431501872
0.2564565431501872
0.3846848147252808
0.3846848147252808
0.5129130863003744
0.5129130863003744
0.6411413578754679
0.6411413578754679
0.7693696294505615
0.7693696294505615
0.8975979010256552
0.8975979010256552
1.0258261726007487
1.0258261726007487
1.1540544441758422
1.1540544441758422
1.2822827157509358
1.2822827157509358
1.4105109873260295
1.4105109873260295
1.5387392589011231
1.5387392589011231
1.6669675304762166
1.6669675304762166
1.7951958020513104
1.7951958020513104
1.9234240736264039
1.9234240736264039
2.0516523452014974
2.0516523452014974
2.1798806167765910
2.1798806167765910
2.3081088883516845
2.3081088883516845
2.4363371599267780
2.4363371599267780
2.5645654315018716
2.5645654315018716
2.6927937030769655
2.6927937030769655
2.8210219746520591
2.8210219746520591
2.9492502462271526
2.9492502462271526
3.0774785178022461
3.0774785178022461
3.2057067893773397
3.2057067893773397
3.3339350609524332
3.3339350609524332
3.4621633325275267
3.4621633325275267
3.5903916041026207
3.5903916041026207
3.7186198756777142
3.7186198756777142
3.8468481472528078
3.8468481472528078
3.9750764188279013
3.9750764188279013
4.1033046904029948
4.1033046904029948
4.2315329619780888
4.2315329619780888
4.3597612335531819
4.3597612335531819
4.4879895051282759
4.4879895051282759
4.6162177767033690
4.6162177767033690
4.7444460482784629
4.7444460482784629
4.8726743198535560
4.8726743198535560
5.0009025914286500
5.0009025914286500
5.1291308630037431
5.1291308630037431
5.2573591345788371
5.2573591345788371
5.3855874061539311
5.3855874061539311
5.5138156777290241
5.5138156777290241
5.6420439493041181
5.6420439493041181
5.7702722208792112
5.7702722208792112
5.8985004924543052
5.8985004924543052
6.0267287640293983
6.0267287640293983
6.1549570356044923
6.1549570356044923
6.2831853071795862
6.2831853071795862
inf
29733545.2167291231453419
1133024.8526850191410631
191904.2301105898513924
116828.3566838864207966
20031.0140116541842872
6798.8564418598461998
11409.1942597186625790
3333.0362056617332200
2640.5806719831066403
1175.0905599722161696
2265.0946467337134891
615.3658871926896836
485.0707146097008149
367.0137841696267742
314.0460225768943019
288.5447647289988709
238.1253778428993257
200.0000000000001990
200.0000000000001990
200.0000000000001990
200.0000000000001990
200.0000000000001990
200.0000000000001990
200.0000000000001990
199.9999999999998295
200.0000000000001990
200.0000000000001421
200.0000000000005400
200.0000000000000568
200.0000000000002842
229.6092395505200159
240.6029526425274980
262.2644263861601530
388.4230574085579519
404.7165819222634013
506.8641913814958002
850.9123684809393353
1072.1486273080374758
1674.1003409012348584
1762.0902072601602413
5471.9409500190340623
4865.1925680083077168
11414.0036223309834895
59270.8423516425973503
63059.7497166312532499
454611.0550118301762268
889027.0391898389207199
14083717.8643178381025791
413561230007504833891937712981526893698267269188868456137210462208.0000000000000000
223408060896295518267916320863633430490668352247032323244032.0000000000000000
15102578.9322128575295210
3219.2443946339349168
10002.8150174513739330
3859.4039275744999031
1128.7262668733048940
1441.9562240128400390
4615.2628642607442089
834.5507542165162249
2508.1556886986927566
668.9076023953209642
534.5003822656678949
783.3468433686241497
681.7314648572235001
372.1556834794782844
312.6135241982009347
334.4573251070780202
349.9653819819477008
269.4813882099129501
181.6223012530086862
198.4010048746782786
152.6734989705171301
141.6629376487589411
112.4313671196463531
37.5083376184914741
39.9563118585920449
112.6062357610343980
133.6029652066496567
166.9053926246475612
203.8074542359773886
214.5967391425937763
296.2904062304393165
259.6063363519193103
367.3296185863719643
557.4520955951181804
312.9234269113825349
769.7112687749898896
859.4916595585085588
708.6023433410722419
1371.4773521002525740
1192.8587438958215898
2963.5775174322261591
1746.5863255673696131
5452.4787583929828543
2709.3890132885039748
47658.0424754506384488
80289.9504457444854779
1247.2073950789313130
11470178.7545163836330175
7439838234668163838413167580173893070798287588720817284841472.0000000000000000
94120011029606727451643036247021683600217362426400702541594624.0000000000000000
5020.7034655014895179
701479.0046562128700316
11260.1971156446670648
32172.9218658743884589
964.9831402593746361
5748.5592023978215366
6868.0939478560576390
1227.5383252585179434
872.4384921044019165
1709.3494990970129948
600.2308350609155241
1246.0128556524325631
885.4369961272361707
355.2097867310940842
382.0035342162670986
340.1936296972660330
264.7013087990051190
220.6496798940748363
213.5120580428686310
143.5372459035170039
121.3579521695018002
106.0697858416574348
60.5963219344567818
17.7275319219711669
17.5832657272674915
67.5316038931929228
106.4439071499570417
127.5389400452173021
158.2095161698902075
173.4918153779252350
218.8387587856719563
234.1022430261333795
299.5715727809305804
425.0320043818937279
448.7307970392798779
372.5588016609622173
588.6660675296309364
716.6529916652004886
2513.9016570334279095
3346.4638936300289060
2183.9966223127962621
1465.4557701530361555
1214.9687761711995790
5039.2994299605352353
3545.4303055176228554
4200.3903353975547361
5513.1589056690208963
6558987.3882191153243184
738270701155530683529433257087563373447995669425392975872.0000000000000000
2121180489011672573788794326106613214928584540019692142592.0000000000000000
6248538.0594325698912144
527464.9074584341142327
45336.8061553810548503
16914.7049094527646957
22708.6077052244472725
4147.7609550480565304
4168.2058815807977226
1459.4499414601987155
1087.5522357205577464
602.1088139337141456
574.9495633905085015
700.7887891427687919
526.2026458912932867
294.8050416223886714
291.3861600918238537
280.4885860709842973
209.3098407325731500
163.5856098808986872
152.4242158464547003
127.4336488749617615
109.3050758374598246
72.2967731870773633
35.8907852255502462
13.8404993100833451
13.5677701368338930
36.0738896769478785
79.5044215655771751
106.1463705652699900
117.7815082813004324
146.1349710150530541
157.2771340692362116
194.0517995307297383
211.6334036791994890
330.6473067898152181
397.0504887712721711
480.2526723077020847
346.7716843574029326
519.2197731186756755
855.2178037200610561
1458.7267879008736600
3887.3186682334926445
3161.1074063241462682
6190.0191083491272366
3411.0171073320352662
9288.2717977364900435
16200.5793025731163652
15222.7713899644604680
3486092.7549908403307199
376727834129075209193088178184501846660562219693051058585600.0000000000000000
169419964129500599734798740038127786506859775163526567436484608.0000000000000000
11917.7389937973603082
199250.0803627706773113
1497.8739355586828879
6754.6369382547545683
2280.5793457009885969
1856.3157179714812628
2223.7206471635217895
3240.7680932068674338
811.6197796633080088
1076.1474600236638253
927.4386820180645827
619.5120272215946216
340.4183872145176224
301.2473123809951403
318.7692593163479273
219.3367141766848363
171.2576870597370089
133.6892205563138418
120.3854453549816412
106.4389302394219072
82.1483236095971137
50.4791043570156432
26.2038652237170311
11.6142144395254139
12.9335771521750011
27.2363964257158457
48.5200694204150835
64.5893364415120601
105.0332588627969983
129.9897177639377333
138.9968719460248394
236.4248224010683259
256.8801519334226100
213.2161918094219857
341.2515974993021359
427.9990544553230052
596.3791479080310864
426.3315353607544012
665.9007332955707170
1251.7124243377779749
768.1664206198081501
1020.7641636437541592
11399.3279130117916793
15708.9002965884665173
27417.1639188878252753
105907.2709695992962224
190036.8871879745274782
9166309.8714233245700598
2298648613715964360187787173811950434192744135349949752672256.0000000000000000
1742230264255277599940283215749786899028256703623229020026437632.0000000000000000
9560453.4782432559877634
289476.2325868660118431
105251.2296969344170066
28652.4086729911905422
10625.7732483939216763
5589.7483946953689156
1178.6081610902851935
1363.9927427409320444
1445.3258797704215795
632.3556570663455432
440.8253523810637944
538.3145967020878970
309.1899698681882001
271.4106497038646353
200.8103232440414843
159.7472583935719399
169.7905388939719842
120.5037670312014342
100.1626309338942349
82.7559933878221443
66.2397724854743473
35.0079958518021854
19.0390614326679888
10.8576021893991914
11.6391544724053464
19.0276858223072693
38.9924613065907621
57.6522002112561509
86.1245698877594066
103.7700722123297368
121.1869634083345773
149.1019130700988740
191.5282881772761812
227.2540626263199783
242.9061289880851859
412.6000630019444202
399.5855006659906508
612.3522653339355202
828.3036520617400811
897.9321802367576311
887.9924980027784613
1546.0376458101918615
6996.6612300485812739
3483.3519206692808439
36311.6704154728795402
16219.9014886858185491
123700.1842296409886330
5757379.6058034216985106
448034337985965803971755665969494938316863685561775474482348032.0000000000000000
2480752751650960317846143518889272524757309925901264392028160.0000000000000000
715007.2623268611496314
55042.4880443169022328
182107.8502840045548510
18811.8331460733206768
6304.8303909025416942
5389.1151124071675440
1156.8950371854416517
1746.0398663694782044
933.4756475882086306
592.5851781987884124
713.6876798793111902
380.9744595562529526
317.3200742925575923
200.1432945812668720
175.9592014303617304
169.6535509306252152
128.5017950052324807
109.6359008300828606
97.8011299281993729
68.3216337155795941
46.8992222437339450
30.5209490042851428
16.5385888477000158
10.8694199458603684
9.1794734206892592
16.6194852620134803
35.1019377339203800
53.6060858135149587
59.3046068888929341
90.6902568535789158
109.1561010057842793
118.7180889490470150
161.2711939992853729
195.2165892102913460
285.0560467021168165
284.1350413482397812
372.4324002997955176
711.9863556078934153
583.4463658409375739
1137.5136374615337900
2164.8233724609199271
1114.6224725048614346
2608.3301063968365270
3931.6066382351773427
6814.1573354239171749
121110.6460834981407970
130918.7758092092844890
41952.8688217882372555
388579398760543708034276611507973235900734366081387139786866688.0000000000000000
128263811009553993632552681572370376854765862959865008553459712.0000000000000000
3691041.2004792429506779
184562.2177287624217570
3742.4909458388369785
27753.3637435770579032
1760.3129554493391424
2449.6107692808895990
822.2339866794583259
1312.8565569909183068
897.0030105828659543
568.2266434820531913
362.2367722790129960
292.8704531536096738
197.7134316278878430
169.4678409824050220
169.3158409778132238
117.9989035843810399
121.1171618281345133
85.2013845502148115
76.7581602641444931
55.4043388497132625
38.6605410149779161
24.2974372058188877
16.0294001415676846
9.7730259367396446
9.6152889029016748
14.8455396192931151
26.4310229880026704
39.1229410637163895
51.4905865156586628
73.5327397458699323
91.8765168328963995
105.9806513084668609
132.1839110086314122
157.9926934341749813
185.5197856697483019
232.4667819211389315
315.9771739268901456
343.5163090454793746
291.7579788259446332
665.3525904683450563
808.8044460984413035
1783.6263318598760179
851.2357691969899633
4003.3443420763137510
2143.8901942340121423
21263.3620098550964030
342367.9809572771773674
2690743.0222846716642380
261221327900228588210770085650664369921097526840171916427264.0000000000000000
1552726960319998181918047189213676945458656630948023862650994688.0000000000000000
2636363.0799452476203442
186412.4896860154985916
31344.9714482271338056
2639.0145144181210526
10422.4766128065366502
2126.8690151287214576
875.5835965804508305
2054.6840030839744031
633.4100570007269653
396.6014544970789188
446.2332699722148845
273.4015068315187023
227.0050049099882585
192.6052253755850359
119.2817529696014418
119.2580342831707014
93.9482634058144725
82.6019428725927867
70.4683166547904989
46.1842067200020594
33.6839741863532041
23.2105055829253502
14.2224195309886632
7.5534246543898584
8.7331590725375001
14.5785461455371426
21.4605197380061732
31.4809635568072324
43.3513694074773994
59.4967519016338073
71.6693415496271200
88.5793752361919786
111.9477342880309294
154.1703694486379277
148.7919952164746746
209.7976948281130660
252.2014639657276120
312.4147945164075395
530.3547642903988617
388.8275506286825589
828.5081367522018354
1189.1808472336374507
1682.3809163193777749
2270.4046358947266526
2821.2041916108391888
2969.4929797151644379
281523.3776394123560749
432908.3762455019750632
258333309441958325806763776819936971811391917185060972596822016.0000000000000000
913494587242884116846562837882978324435707456259981711851388928.0000000000000000
4783255.2426589773967862
1510.0148496687634179
48914.4209098112114589
1397.6168783479224658
3357.7257699441875047
2077.5784417340560140
827.9564475047639007
1476.3327670433013736
516.8576213509528543
355.6029937739253910
313.4722410239475607
182.7628184229024555
158.0635284194179917
156.6858940908193176
121.8403590071960139
91.7185726861047925
81.9622343705975709
69.1574925939212903
56.5408780904828205
38.4512224787275088
29.5664204766308636
21.8599208902432309
14.9626481818044788
9.3983776143693447
8.6995535562776123
13.1595990950282378
22.9747594551349472
29.0116888149388643
38.5704485583205852
52.6848278450644116
73.5571873754273895
90.6293964004952528
105.6421344040860646
119.2835231368551803
145.3840026670403915
170.4747998498949926
180.9357150510700194
241.7068327899354188
319.7273180012821285
514.6252722718016912
712.4724971896052921
882.8190459437664686
1299.1019752034385419
2441.2775790529299229
1969.1851284714964549
9309.8275119586287474
10194.2853973172750557
22553.2852034914722026
5220365346034920951108096664027670289173115097440119185997824.0000000000000000
3729016252156444855382043558546591868932180556017420187205632.0000000000000000
2004211.2115034982562065
38732.7421694465519977
32027.1118913600512315
1561.8966153456628945
4120.1404417240464682
1371.2554401036668423
1074.5467274868174172
782.2574967425068735
452.4770703111871057
277.3047413119289217
294.5841915911235560
192.5037950514982299
152.6144083289593709
130.2002687035110569
106.1782163995864607
85.8044672567911419
64.5432973213504511
56.5105124748023115
44.1424448055458711
34.6293919639418348
24.1433459731342843
19.3382692994199274
12.7649114820568723
9.0748658164649783
8.0483090439960776
15.1851458648442232
18.7840192522731257
25.6005336727961783
31.8917110091803586
43.8301582503724987
61.3790688215174356
65.3302150183196773
85.7745339039852297
98.1843538376827070
112.9752768289338292
161.4182028194381076
183.1490705363918323
235.2381467809080107
314.4355903734085587
309.7446622675475965
529.5667166273915427
529.1146900147342649
1954.2573906122172502
1516.3491413541912607
2374.1257403948102365
12156.3335621456008084
9093.4811449290336896
645467.3207513565430418
93704999096734241951247908591810375871779560880531424273235968.0000000000000000
493864445295343343390544166258007466439076521372617245429071872.0000000000000000
11152.7111936306082498
2254.4400530654888826
1311.6277996424107641
6467.4618679882059951
903.7486370960633622
1703.3787051115054965
537.7745283692653402
445.2226941717378281
295.9749640178599179
228.4457529372192255
222.8817819448512125
177.9196906915457816
137.5776539888359480
118.3308201599354419
96.3028912693308570
72.0371761447916725
66.3084414862955072
60.4099211482175491
40.7414033493939129
27.6694846308253410
22.0429768725961175
16.4558749970328897
12.3796061470151901
7.8883264736906842
8.5357633342713726
12.1798973351224209
18.5623675928867229
26.0926728655716467
29.1593298945278292
41.5691479043605057
50.0970183478231093
62.8273011320527317
70.4850668613197939
101.3418030454244700
119.5132953508361453
131.6479404612697408
162.5785667216310344
184.7493721642198636
205.0372957827914604
309.7136699920691854
382.3339465189978910
731.9613178785820082
977.1070962273042824
3419.9299089787955381
1382.0127820145671649
1969.6744950639006220
52545.7107967260162695
1581903.3497909321449697
374784449054225019853046006751522198200985174281720652806225920.0000000000000000
241098730270348190883448483615180020128844742039242056344272896.0000000000000000
4926.2173387289121820
2735.4113044207506391
1171.3843394886866918
2383.2076292591359561
2815.4020480774101998
1516.4626339962908332
791.9402571499006172
335.5901747552272809
265.9381115784768213
292.3655715495594336
174.7079330370893899
169.6931213272985985
115.5030165333677274
100.2923432977429741
92.1998666824814137
71.9725155253766786
61.8081704830842327
41.9781407226628858
34.8866733109391021
25.9069639711991755
21.5962357886359086
15.1302164564473980
12.4665903667163978
7.4457241725816621
7.4071108544111226
11.7305318527526552
14.7698910409258630
21.6951763394681478
32.2388180923099767
36.3179305803513586
44.8105982260244389
56.9982915615989398
70.2646161983444557
84.3145734441183379
104.1734101041464697
125.4006880220986204
184.4706923950827786
198.4967687730865293
272.1052612348617572
413.8550541808191952
412.4497646285191195
719.8325868536068128
847.0159424051431643
1882.1085794090404306
1404.7879036724721118
15141.2964023396143602
13254.6438480187061941
142163.9434975054464303
212172981903776811310956902652165791477787829856084316626354176.0000000000000000
59044225330049901255962919874038981533758371447880858210402304.0000000000000000
2651.8331204767168856
22331.5328574689629022
2376.0131384042460923
3237.9167545230097858
2018.8962218207118440
1093.8460812256078043
750.4067717445933567
280.5675029227055006
317.3683778541757761
189.8497609798905330
188.5351235723872776
136.2140998334767232
104.3952664408446935
93.0886831619887687
88.0073567536429806
57.1334616795922869
58.3821921804380395
40.8352707510955995
34.0161451711274481
28.5955538279091286
22.1009684026728834
15.8095961580021438
12.2175462291701216
7.6646052347422033
8.4446524781062475
13.0238122702422707
15.8676152412169387
20.3255019481648205
25.5629570488854085
34.2561232120932573
40.7477448567138580
50.1425717558578228
67.6412873099469465
78.7559506593720897
93.7913606890567024
109.3075034492367337
127.0536261116545091
160.6609851859672915
210.0941432319359592
264.9915653326123675
384.1200226666484809
533.0866788311127493
697.5629419381257321
1097.4019762272564549
2806.7918350601553357
1658.8415948435074370
32097.5798128868955246
34863.8730635178508237
180071849083994501134853900852247116072337393460096412254470144.0000000000000000
1311853607836143538099201705362983975381395550159956848148480.0000000000000000
27450.2536144402474747
3619.3345045506298447
3501.1858485217530870
2620.6492762059697270
1965.7734538392492141
575.9638099040955694
517.8484498328443806
306.1890654535928320
239.9398600352240294
163.4302532379513195
146.1428042223155899
127.0347723286711528
93.0499436191782934
85.1864055912351006
71.9831977406188486
68.0817240587378194
44.1910297920690240
42.0013963169093074
28.4700224978206613
24.0761592474949140
20.1746652514412652
14.1739521950164402
11.2675259874362226
8.1594949561967667
7.1463868628788179
11.1052362954963666
14.3611877875225762
20.1273887955403978
22.0013207354863596
35.0717712486980417
43.2097290369328988
47.7655867987645308
57.2725013858543122
71.0835518872435870
78.5995375871716533
105.8464543422982871
123.6431536546164551
165.8621934234180344
213.3300902735082900
235.7648347921212348
378.3718623465805422
479.6579733799889596
1137.2707894235309141
2122.2936503097912464
1924.2701746893449126
6147.5383866052061421
70406.6261567611218197
305225.9932166167418472
203804267447224204483275750757499205369391399013569002060382208.0000000000000000
1183581359784343417017350433024760847641466533896488813680656384.0000000000000000
685379.9613497395766899
11802.6555759086822945
1895.6226473284616532
898.5113449597919271
573.6483539252202490
428.3369447780863766
376.0844975812339612
303.1656863220367200
220.2168919698318916
162.6025501290870920
128.5717709265541089
117.5625715168870329
101.0111763536932727
77.5247710417888385
63.9642127292204137
53.5429750984096415
42.9806302639731825
36.4320641339100959
27.6593337127415033
21.5596629170257366
18.7525313468795041
12.4620436636985374
10.8012264149714419
6.5604130414164015
7.8618160130207677
11.2169618672201103
13.3067807048563349
22.0233954245562771
21.3138567521683981
29.7206926910568434
37.2419655236090037
40.9461418884857267
49.9321666496760841
73.9456118052310103
81.4710186299920309
100.0534596005309709
122.6724321033612171
146.7419231796839370
168.9350594617574188
192.2139502441240211
243.6281543867658854
422.7304177072456355
508.5005612610177081
1460.3309986852136717
1215.6176286446248014
2004.6486460096366500
49070.6726889890633174
6772.2728453409181384
21536730621321764499064540276212782771507928741235367581057024.0000000000000000
304184822630841648373915440678960250660865279866690683554234368.0000000000000000
4572.0645073791702089
5143.1160845293798047
6458.1379266962203474
1453.6353785160879397
478.1515884502404674
395.7075388518658201
476.9606110840938982
327.7911032462293974
177.5186622325467738
151.4195621371771097
119.6342400306505738
113.3751024298193926
86.5839088717675764
70.6401162990669746
58.0886135282863449
45.4263326177704201
36.4363743567718075
32.2125641862303027
28.8403986635815350
20.2082549166519421
18.2236387288360291
14.5044770463313135
11.9042940939487512
7.0574156650627318
8.7009353864898848
10.8433616399934056
13.6744238607164998
17.0347879424700039
25.0718254858450855
29.6594779245113287
35.2638755481928854
42.4451844960223639
47.0711608040167420
57.4913117836919270
81.5902977521375163
84.7615574454530645
112.9964402147142550
143.9863750086752248
149.9430749815975616
203.2384018221609097
245.7628110601389437
454.2010773386787150
604.4411161380120348
1323.3495742778447948
1105.7870390777627563
3484.0237334696789731
19390.3736478205282765
292634.6210073084803298
55335581732699967066918700092983858495589276095311847062765568.0000000000000000
989738146468780208612666801981668685728957214520530542329331712.0000000000000000
105600.1007862190162996
18649.4359694853883411
5668.0881904550933541
885.6987932985909993
1006.5134250553246602
478.0944762588483741
424.9521310025597813
217.8641348960360062
170.1634954600928609
142.1430013173196869
113.8942145163818793
98.4543331772072037
74.4383696757706730
59.7029741483293179
56.9050650343317201
50.1185657472423642
35.4945500631378010
34.7424125540395465
23.4338518462813994
19.8257827283340227
15.4981339126579662
14.0771297164973266
10.0013005340426986
6.7689962291242294
7.4086062005746856
9.0065135855608442
14.0672292036915305
16.7997916817374566
21.8391687235138079
23.7753001647410720
32.2369731854471198
34.3326746622076797
43.8801718913664800
64.9977269754821236
65.6969470070060737
87.1777145693049533
100.7578507899109042
114.6660667777369866
140.8498080469940703
164.6954812572193703
241.4278611594401411
252.7092935157170928
453.8142939264034226
656.1932622456022273
2996.6894492199198794
2750.7118163978079792
5037.1439019025001471
587441.7400569379096851
221963861028888393050914456692473528049569405547191245096353792.0000000000000000
1025441230177066277872876730838810042745238375840849106703482880.0000000000000000
78005.0310366034682374
4256.7663743230987166
3345.9118229337386765
1972.1660293739817007
610.3584898699868972
470.3907708121827227
349.8980577363915359
214.1741046329596827
172.9982440034570459
125.1770667614777892
112.0647062849868689
95.1568699486834362
71.4455400919710968
54.7991989660719909
60.9974799420190905
46.7950915654395061
36.3152913608725285
27.2408757567023443
25.4999442260039331
21.2461689977862314
16.4529072611544116
11.0525670355810828
10.8033710741589832
7.1533582905867537
6.4923198312563892
10.4207359170835439
11.6475254266142798
14.4093916279822558
19.7524621478702223
27.4916191441536988
28.1369215000679027
34.4456136878707326
40.5334073207699532
53.2471873755011771
56.7672988058137804
72.7788503130423265
93.0138285767568505
116.5944790241347278
128.4603723021511996
174.6840795950674874
189.2893720992899205
230.4093105305172458
364.5332972505749467
808.3793220962037367
1389.5553333060868226
1064.4242486220737192
11991.2741305615309102
3102.3872923352728321
258408386011130750410739086870219271338776850635947881005056.0000000000000000
878647421823947648363695524756473152992114840042992913560371200.0000000000000000
10441.0324192376283463
5028.9098831898500066
1795.4639829496750281
559.1946013718804807
561.8540309761319804
444.9232261733698124
322.9597127448294600
192.5407360287334484
146.1254979110828742
117.7420292180893142
106.1894112203280116
89.5535072093911566
64.2414876810441768
68.0101903907477947
46.4419199159982270
41.5343319759739984
29.4384395631942937
27.5399806501974922
20.8359240871861111
18.9830567050575922
14.3139782800893158
11.0820401447348775
9.6855806441481018
6.1664290978089822
7.6306392803912715
10.7162012153698285
14.6099250327493184
17.3467505972648368
18.1500897010556557
21.5920807950821825
29.5138029055354139
30.4664409998118586
37.8856810332408003
44.9896519549019231
62.1526419112441459
77.5169694371144686
89.3094989885064763
90.2199682831483472
109.5225271769301543
126.4639289786227323
191.2244905568041418
220.9900422954409862
350.6381518829268202
590.6552623874769097
957.9855200832251967
855.5899574750293368
5232.3579508586217344
229448.9564421293325722
35506416551892966163000301705694889831912738126963818427842560.0000000000000000
1435174558559760028127999240305774883593538229270859500079808512.0000000000000000
2584.7416147636886308
23312.3753187248803442
3892.4015150573213759
905.5744737681284278
832.7764586188625344
321.5415678990418655
265.3696562596886110
208.7065916860958623
133.2295714536506068
113.0258218157877650
92.4882925295959097
84.1378908818017806
69.2756535247052909
49.2992353704241069
45.0536856388477744
40.8064086588242674
30.6560635948161426
24.7409196881088462
23.4293440716705739
17.9189067735123757
15.2410756771074016
12.4210090441958059
10.2057833587475422
6.4228720967595070
6.7014838989522705
8.6333979747849039
12.2426712625582503
15.3848107113396981
18.1299276655156554
20.8674751369213567
32.2630546495855626
29.8624761795672420
35.8090001705359455
48.6214025799934078
52.6969104610132604
66.7930442970700398
81.7474976994775488
96.0509406512000368
113.2018944231425905
159.4284421945131953
192.5360270152995668
297.7619862140339819
423.0069964295970522
418.3953356117722819
710.3332473481092393
1963.5002241956897251
1527.3683100232119614
241128.5506694792420603
1598650305646860104093043425777373496043367888189111071145984.0000000000000000
993575075654585207754180918127580839093020288719971687705083904.0000000000000000
141227.3756271438614931
6307.4991203209083324
2245.6216932653092044
713.9717926577437765
531.0577794665211968
364.2836475505039857
275.0411048099694540
180.8395301438982017
122.7526388299666564
106.6446492906434571
82.2705214945270882
75.0086199448860640
64.0222279422411731
52.8164462163368995
43.8159355100797043
35.0044512919803381
28.8137886421320921
26.8021252529375893
21.2857731616459702
19.7521625731040409
13.3697967917150091
13.4409593293294147
9.1642837339347203
6.0314181635048980
6.9521251843831839
9.8310430781735629
11.8534229026398652
14.8334282159327735
20.6039087785422090
20.3643914310659255
25.3101894235882909
29.1900246951475637
33.0049846205757902
40.1064580952969649
46.4875879993652958
59.2853776030865660
72.6878917524913533
83.5920116347140265
110.5401196178654573
132.5770748944628679
172.5180546970100295
216.2991869375003944
269.0685880016453666
434.2995739485414788
863.9301678042907042
3357.8630208692343331
8655.8268767286263028
2202.7145688156097094
10810465002319133951821850689668085918885272948349610229760.0000000000000000
1077832314973736633242529654746985826321431083637965574016860160.0000000000000000
60494.6768503979401430
12279.6873734523560415
1821.6207702724373121
880.1656389009619943
496.1226419751300796
283.8643771607900135
222.4269731358210151
167.6155026944006465
131.2769943820891854
100.8337916380126842
86.2815176339202878
66.9214394749842683
57.8774846080763083
46.3880816547080030
41.8099532472423689
36.1826609541900410
30.1499590091597085
25.1927583214922493
17.0037221539852226
15.1968898950905693
15.2573133560324887
12.3038458803751123
9.1951497172168981
7.0740485767904744
6.0783829570291195
9.8139371614292354
11.8632342199552170
15.3073795249140669
17.4354883505687432
20.3395816624533765
25.0490242889265424
34.9249240412434219
33.0175151666043618
37.2136108912237944
48.7369401599301142
59.8458928560035162
69.2720232024215363
74.8012827683695747
92.9783530170432329
120.5965696217327974
176.6321234307359020
214.8018441288214717
295.3243848467127464
405.7394980000883606
806.7346693564936686
2150.5629714351239272
16904.8502884498193453
2345.1351175690770106
25219522199057137244679292809022561185946265801268178767052800.0000000000000000
268226632144540835665308739056541622942215105412753740221382656.0000000000000000
92980.6019580747524742
2969.7706345847395824
1067.3171042761664467
852.9609754909655521
624.5667327049126243
234.5428657516944497
213.5997889749631042
182.7657596820729964
129.7831903874045736
100.6500454522354033
83.1504665065955777
67.4375721410610964
60.8947478650835876
47.4630637748972717
35.3918023782114730
31.7776066183521841
26.6706530455661053
22.6076647567471447
17.4402358665047821
17.2895859109062719
13.4334701086512744
11.9029399141225944
8.8916478541318096
6.2135584830245785
6.2085641233433009
8.9187656516702187
10.8347810024556690
13.2246595393308102
15.7980679142554497
16.7475707322447640
23.0431523195510835
28.6293694166864761
32.1663418169090818
41.9361035390397134
41.4728648413075334
54.0186843562781291
75.1005897745216231
84.2595577957148976
94.6644639372392191
126.2794142518802687
151.9711238703432628
179.9198565841792856
262.5265647673403464
505.0526675300840793
627.5382576942611195
1479.3884711312023228
6426.8562801271546050
33782.5161061099715880
1318608130662882514443309919195324005139169917040080065658880.0000000000000000
531229743775399687185635354896518681330272669806403074270429184.0000000000000000
3135.3468492156166576
1485.6942856918878988
1070.1597467577257703
1012.0699217891900616
421.0495576282712591
283.3535032163854339
188.4312343867835295
137.3532770399948220
119.0706362275263928
100.9718467594633040
76.0674922037923409
60.7076904266535848
52.7643121458885034
45.0543776915724195
39.3975403445101549
29.6235685387102379
26.1147808472766627
22.2816955565276942
20.1653131868282287
15.7007838466323815
13.4363805330929935
10.9477791716827166
9.2366060955379528
5.5701391702766010
7.1795134751494274
8.8463857797030343
12.6420563828112567
14.8784212191778078
15.7759326291745854
20.0460143792671381
22.5617984574974777
27.1656268045409561
30.0849239006181755
38.0091203461634919
41.0422327142760466
53.6131141465425358
58.4235520601916178
78.9632386412026506
97.7921110456324811
115.8777320292821287
164.3030626517522990
159.3276700832579422
325.6557395368949983
429.2257958082074651
561.3644564460053061
1319.1983154627366730
7329.2496795465249306
183094.4748802325921133
545717551353154806153985960769026587128806155021335412223246336.0000000000000000
229668951313920518185972751039931761252662528562164301561856000.0000000000000000
5846.2616483171714208
8877.0707582494214876
1608.2408985811375715
502.8814993596953400
396.0010585006281758
249.7058280207086511
179.1406307613813453
125.3559448008429626
100.3210686389478639
98.9841627626109357
71.1044070893842104
61.7109847405826457
56.4103938845105830
40.5302975170837954
28.8801941230794128
34.5230086761358805
26.8483154262163168
22.2822058626605504
18.8689840944095089
16.4951979106035154
12.9047068689570636
10.5662435734604614
10.1700288282506737
6.9708172007123421
6.7453321380551090
9.4277545074073323
10.6638825475353052
13.3005461969638201
17.4684714866868731
16.9583972991239200
21.1712716660720126
25.3941756694638840
36.2225116681175336
28.8838196643688647
46.5578761065394957
53.5210035475889399
60.1604729256030382
77.8024666737172339
81.6853983680829288
119.1842213916989408
133.4946389528060138
153.1573269750433894
248.1127304312973081
281.7570606819529644
659.3156378902847337
765.6025302101828629
2784.9165637847081598
76172.4906604801944923
132382216012570624178179615455630024887505726098113756332556288.0000000000000000
1670594680725509252471411316755301011523351458288025906293243904.0000000000000000
28714.5342599140312814
887.4943230266594583
1772.6135209124054199
551.0700381902944400
328.0414017682393251
231.2344053387848817
178.6241562689623095
126.0484676883472162
112.1013667094453012
92.7044269122841342
74.0864257629398679
55.5851868577288926
45.1916996426563671
39.0539097297526041
33.4994343221190789
24.5499387485108258
23.2928256656471717
21.1972332032988504
17.9075830195939361
13.3067936025073585
14.4541619948322708
11.6673966181627549
9.7536231798407425
6.3554391712684932
6.2594613113732622
8.9661433416481007
10.1376318292894201
12.8558260251792369
17.7820995771926853
18.2640132191431519
21.3886751984091070
25.5912542937025727
27.9427741235989480
37.5230572670792881
41.3159449978686979
48.7865463702549675
53.0581131668383819
62.7208178277357717
85.6394801916282944
106.5984101644707494
149.1793298148822373
178.0343660741181679
229.8879540472795213
327.6018432727136087
465.3694260883537481
2145.3403418662896911
10409.8632820998591342
36885.4315520416348591
279015981095606594684467134400028867974516388856268192055558144.0000000000000000
103093808217038493224644562266115923334591865760230699880677376.0000000000000000
16014.6507515726571000
1634.6541555137157502
1647.8692196347319623
764.8047607763020324
312.5720899809439288
219.5283923537368480
147.9695533117587729
141.7220614129723799
90.1712380838792598
77.4204383764809165
76.8364874587024502
57.4811188032708031
46.6615446664390632
41.8881854924814760
31.3034981069355283
28.3084991754741928
23.9613011958118136
21.6685366412224560
16.5551090737157089
13.7954283037911445
12.5765542081729222
10.4314622998114306
9.3015552188951443
6.0970078659611158
5.8326306495036961
8.6473505880942714
10.7766735687189943
11.2288330768149489
15.1347572707163529
17.6014693461567120
20.4043020382464384
22.7368662374476962
25.0638307689892734
34.3828513538936633
38.9202421455759549
42.3637255173523073
58.6716958699150624
67.6510989987285853
78.3797404261906649
98.9275517621165505
124.2133281677213148
147.7821533333706441
216.3506045951928911
263.3459864042663980
413.8188467997344446
1317.8669206016384123
1605.3251351908913875
112041.4622606920893304
140175122387183154244733301081062183632051708864923490037268480.0000000000000000
112292843071049982702302827657011095346750417597011147192532992.0000000000000000
4072.4051164918369068
1582.3401980170820025
1444.6701356929756912
496.6173722541468578
277.7348041709723816
213.2562420959501139
154.7770862917610089
113.1724261413336592
94.8536306156341880
75.9355389788836987
60.9176241007244101
53.9079079361384288
43.1316472852508852
39.1415668137839887
33.2261099075990316
25.0694714795068130
25.9112647925688790
21.8961992693225298
17.2678155865029161
13.8915454363647992
12.3448037666686137
9.9102678471321095
8.7632665349260854
6.8975246815835600
5.7662952335185365
8.7306155919161448
11.0603362177134166
12.4250657318880524
14.8336606208976320
16.5335192790804548
19.4646903953471586
24.5198582368944074
27.4732980167716896
31.0079838607182658
36.9178497280493687
40.6530427439501310
48.0458916849220614
73.5349167381520630
87.1155511018796034
96.9355356323416686
116.3092586810148674
172.3007659803319598
230.2701387892073512
327.4485692462473594
570.7878408776585957
835.8830784357606944
2991.9928004636426522
17623.9686749892971420
265144776155227757702395498359064307528753142989296552309161984.0000000000000000
876803795083793797340572900252527116008194607690400649004974080.0000000000000000
2931.3230204808705821
1268.5193792198642768
854.5638626449842832
456.6221279099976869
356.7392978501222842
217.9458566857324797
156.4068570470954000
109.1522352143351640
95.2945810840831626
80.6002555995700902
56.7044816420305438
57.2952538119896602
41.8685338980116271
33.6101252239748476
32.5369894471450536
26.2691467523191058
21.6964712644368305
18.7386220615117836
17.5350616018915275
15.0579547010401509
11.6106434292565197
10.8993224367055657
8.7345256689430197
6.1971688752086536
6.0487743283421720
8.1791933652540365
9.9626054534489654
12.0114850690322665
14.0220648493600084
18.0601367718462598
18.6371083584699342
22.6446653602603192
26.0034917297780481
27.8840097659711859
32.7344639457800852
39.1556528095551855
56.7505782109264345
61.7787542800410847
78.0380060625008554
103.6983132168454489
120.1129986525870947
136.4477836522842722
188.5668000001688256
391.5621249083284852
446.4060180785131138
1034.5601195379465480
2167.5796042149354435
65409.9536952909911633
7887829718607024930598168429588363572991492640836212318273536.0000000000000000
17693894939627257735635449216348114305550122380364617875456.0000000000000000
50272.6761496976832859
1796.9205265643108760
1595.1774566793826580
547.8194584701811891
349.7213502560053939
192.2458553296045523
144.5759813077321496
98.2312903458595059
88.9885391572458957
77.4443788005543468
61.0801652687977210
59.1477041344840160
37.1575106792240746
33.5773477143985559
29.4075794250959355
23.4735514602520929
20.5999500045047839
19.3526069658504589
17.5139959992741900
12.9038300784624980
12.1159454124858605
10.1893349927269092
8.7354782614424860
6.1841495742865034
5.7576585924045851
8.2410111879977368
9.8770579870924493
12.5968240313545401
12.9412919665718462
16.8711596114155498
18.3835476028924241
23.3889762544981785
25.9386561686159709
29.5443158689464234
41.8842817028367094
37.8343996431509453
45.8110532493570446
63.2186803673728477
72.1032930188816152
93.1607065258281324
124.5015861590511292
140.9136746658442121
216.1646852761261925
300.8824671322682320
607.4283160665324885
890.4778490611206507
1774.4737978338866924
1767.8503425347271332
14044972220985005848100680962052452826592134640855263370805248.0000000000000000
240095372042550493733214878719670982369943584876414235574272.0000000000000000
2251.4950891869739280
1819.2209661203071391
1510.9998594855364900
469.2645240916349394
277.5163840867297154
215.1116983463337533
136.1301834731128224
118.0762171302552446
97.7289904792105517
73.9876584801594959
64.9449566920408330
49.4131615375384712
43.2024817669577459
34.9534592890135016
26.6820333656372704
25.3212511898920383
21.3285268764056894
17.4988114771981706
15.3753588127905374
13.5707005534167511
11.2515849159888024
9.6214490361466503
8.4077178664981300
6.5671647897615584
5.8927587009391473
8.8942364483450831
9.9037685396958857
11.2367172547423149
13.7123123364345272
16.0246645143941073
16.1782943914492101
21.4809605949082574
26.0115026770473925
31.7938102085327969
34.6631278187027405
43.3689671912281440
52.2603840685893744
62.0547233280626074
79.5514809732718504
90.1049467378838642
107.2610558312590712
128.5946168068284976
263.1278263683925047
338.7528681050266073
510.9010339233172999
595.5002336438036536
1170.5517376755976784
75486.5192141345323762
137588876638867717583166225588683377093694720742998597959680.0000000000000000
706675964495207587068664016121000325218776786686860746008035328.0000000000000000
16759.8885592358165013
5044.2993076745469807
1528.6923909560941865
418.0668238220686135
265.2079034978714844
197.6175136173882265
141.2892909754168613
103.3570020272664891
88.7055002053243129
77.9396769681293335
57.9979310240334058
52.1638230039001911
40.6547904702279297
31.2311259343051617
30.4776128304228138
23.6359466132534344
20.6739196199879487
18.5332104701162343
18.1372643157513593
14.2798885925484278
11.9581358430188729
10.7774964143844851
8.5431129717779903
5.4317497070685183
6.5383852513270089
8.2633353821247830
10.9888899818865067
12.8814924856026458
14.8157986636525667
18.0165423658899115
18.2457453944058088
20.4088955002009094
22.3257575274136180
27.6552278996613161
34.0183463836243831
36.8696252666489528
46.4938826109678303
56.5135976411325700
67.3143593545223382
93.5825735548120718
96.9939528855149149
131.0764937593729371
203.1563065850988039
216.1796050999797103
538.3792845268266092
861.2242337460553472
6929.3031894602636385
1481.6843572138677700
10111220936126401714278002051420878072882282228955947510792192.0000000000000000
688254345426653301082891699464526668456274360086709413999542272.0000000000000000
20251.3348553769355931
1148.7211027762839421
928.0029839779915619
404.3097632134353034
245.6341270525055620
173.1789630161538014
142.7978923028477141
111.1822919169074311
87.2082925167294860
76.8869780982712854
61.2669199042335038
48.0993899775333205
37.8286698375791914
32.7779091033461896
27.4301746659995516
23.6418771452464611
19.9755084751991738
17.6174834857120715
15.3156432964633886
15.4076841153631623
11.2221703249039617
9.9755499390029563
8.8218055395486186
6.6289353915722664
5.3902577048997911
8.6230765849311339
10.8458299563114444
11.3320706745618800
13.8151521284986742
15.5695842168500640
17.2878894185652783
19.7771352105118652
26.1443320904058680
29.1789690155683026
34.7057664002383177
37.9944747692030163
47.1765670470054630
63.5694239128319367
74.3686527127317305
88.5681335668777905
102.8479753151927980
138.6187336822244447
227.4964493942071044
311.9224297555530825
350.0424245307302726
678.2060624731084317
6757.3008525512905180
85401.2224673164746491
3987913610546890682365926073888092841743775775933627105280.0000000000000000
160211814666256295584386802981212244677272161091246134787047424.0000000000000000
81369.8864003588969354
2019.1331249928409761
2115.9071438910250436
416.4935197254814625
253.9015067209689107
187.8952591716945903
127.3235712192318658
97.2577863967300829
86.6834744377606228
69.7881569034372262
62.4089585422302520
42.3927640882221937
37.6674815157843170
29.7838433939678850
27.7587776081239710
23.4189677054115322
21.2364394325790187
18.0192313561410309
14.7949111622446967
13.7073404262888090
10.6867425135532734
9.9158495846349606
7.9337849690655666
6.1177916892230950
6.0310939736208304
7.6831219869068139
10.1215519265327245
10.8220643391079285
13.4105024279888703
14.4351034135607570
17.1700399801725005
20.6202538126653430
24.5497521272326900
25.4722789199797823
33.6317506298641646
38.4037529936488227
51.8806300011920953
59.5717085260445316
70.0760762259147754
79.5061248862294292
106.0657882162312831
138.6317060934370318
166.5158412519190847
231.9873078097872963
403.9830979594677842
1903.2300469085876102
2469.5130875158829440
2052.9674654996883874
33847236196590638580589917352133619268522196724036855647961088.0000000000000000
479226522308386371509520606043385058565545748733905022687903744.0000000000000000
10144.0993578424404404
5517.9071797997257818
837.4151760385267380
270.9028002228978949
297.9834429443166641
185.6301774717533419
119.5274537734729421
101.3819745704545454
84.9796515128376200
67.5158260651087829
51.7700025238249779
41.7753069774821242
43.3201068194166297
34.3278931798681768
31.0625614605273341
22.6850776426556031
19.9843918065367951
19.0586465816477748
14.7193010365765851
14.0175184756893003
11.1515165734443293
9.3869995430056523
8.1125022297970730
6.9537207032310580
5.5928195961410045
7.8802298064549081
9.3711728494949771
10.6572340297809838
13.7266466571506029
14.2563489991426717
19.1305918623315065
19.8895935762181715
22.9498379776154273
26.5580298161108850
33.3298233157824484
38.4086002840710563
40.9658779975981133
57.0367607855529002
64.1623689338462526
79.7140351764888493
96.6543036127121269
126.9907016232056236
182.1689685216572343
240.8427471374957065
487.4552106544175558
483.5334380998893948
1463.1982377843457925
77981.3562027289299294
21407004864867188909259954827188556606058830165082268615311360.0000000000000000
49172036205664722136111899027678267151210475995481903579791360.0000000000000000
2475.2679339302262633
1557.6277595262849900
919.8340597310861995
453.7696041939984184
258.4497586706694960
177.3887765319130096
128.5330474201188906
107.6314515866178425
77.4140098112868458
64.1748247019256155
54.3568877307097509
45.3990548936995495
33.0151781768603598
29.2004845515925346
27.8147955944104481
24.6545122550613947
20.6906828050271194
16.5329403753541975
15.1082432979736012
13.5712782176665936
11.0909448673258311
10.7013940490591857
8.1222939048861438
7.4154610682135331
5.9294960201309905
7.6683262614457801
9.8492783459793216
10.8560414795797584
14.7358704217141732
14.6114185924540312
18.6241661893890544
19.1095204652818680
24.4722171726807574
29.3855128235202976
30.4350712206265364
37.2615965150807753
45.4332223304302190
54.2918734512173700
65.3850822514369696
76.2923365918980920
95.5823719505580414
128.4692336892821345
189.3803264109761244
245.4686629686047468
432.0659360742369017
1402.3760492182434518
4505.5123309199643700
5306.3551997729464347
5321302220817940015870865492944129116811599548302642642944.0000000000000000
320350233110386424866123529533338493283600786068418210633351168.0000000000000000
28779.2088239794175024
6991.1451841408652399
864.9101189881474738
418.2108200926282393
246.9742980275717343
163.4797037496743712
133.3934962539770481
98.9527074028938642
75.6483337895379151
64.7075129063316865
56.9177061697976683
47.1654560359701378
39.7454132127856425
30.4472480804826944
25.5063930347996326
21.7221412222381609
19.7435010597594278
16.1185669047016837
14.1123663073145416
13.2712106922652939
10.4147472123731255
9.8354172519504690
8.4940819932324683
6.0595111252340885
5.4858502993485230
8.9006076224562669
9.7179284944815159
11.5844933123652982
12.1391862282876346
14.0735621104029516
15.2947857400833716
21.2596235590544786
23.1669474695925395
26.3566544343694602
30.2032707211247917
37.0368722638811931
43.2550343428489583
55.8799192370577273
62.2553413408784806
75.8780887179116803
109.0664422530729922
119.7387725657711002
179.5628116909208529
226.4259951860257729
466.8095058375291160
584.4885172396732287
3177.5813580296035070
51733.3198140801396221
3342167476113407022097677239279025593319013717843077343739904.0000000000000000
160331045047151567825912985845561152683083901337648468034846720.0000000000000000
60145.3922513816796709
2297.3791554784638720
573.1289423054638519
444.9750890253356488
258.0391266483393338
166.7784343350891163
117.9539699403424748
115.4824976774024776
84.0302886827850273
75.8332829550086274
55.0710444488149307
44.7082530771945557
33.9043579638955137
29.8904781717183887
25.8698105016179696
23.2416903698934725
19.1690448830971256
18.1960549025740477
14.3474527723098504
13.5814163729782713
11.9345786160808416
10.1616527465272704
8.4980246981252510
5.8897390444668813
6.5741066260725693
8.2432919608207396
9.9842680674282747
11.8370290276400709
14.4431809471262920
16.3845475673665355
19.4663680992771155
19.7128087008770692
23.9993010553357280
28.4216821185312440
30.3840084930063661
34.8501838694055763
43.0709511584014777
51.3662236922810322
62.4603324944790899
77.6355131842697688
98.4763513912795077
133.7819097537304174
148.7469760909594072
294.6640347963827367
549.8734470608683296
918.5673770014152524
1660.7224389167222398
6875.2566712877542159
47089559533966961660130861908328587780777839145886008186241024.0000000000000000
88241559000021091346796538447207748734840017727838241110884352.0000000000000000
7085.1256826966300650
2038.0151665456912724
780.1510258461659078
371.4913981212657177
255.7928777888173499
188.9028720176810907
127.9594281774939475
98.8759686488706535
69.9148716199506595
58.7094370418814080
56.2216672493047653
45.8683842767957728
36.2831861581822039
32.8099358468792275
26.2328046147475931
23.1569493387478289
19.0457851610666147
16.0772452974559421
16.9732586144693585
13.1774276318133374
12.6452141718348301
9.7177824423449461
8.4156267515010992
6.7761574347317772
5.8863306481052105
8.7119358630112096
10.3704741207420188
10.2751251657593663
14.1441649510017395
16.2651298099330788
17.6417882332635827
18.9582510863923623
23.9237721214158832
27.2953196885230263
28.6048093776227788
36.4808138494416809
45.7812328147670513
55.7436560378184396
65.1717565590698342
84.0731695713636356
97.4212718316374122
119.6042943978104347
189.1543504722858131
289.4193445572628889
379.6836410790027685
935.6220751928441359
3019.8809396201950221
5480.2900338886165628
3148240718573560551073378180245017903876601267995585510637568.0000000000000000
86549469786713628149583020391677782841465850913932623499755520.0000000000000000
2232.0369480317385751
3501.1644319521901707
1517.7113878878130890
417.0514005220855438
268.0659646835231911
168.0271181595346377
131.6207196373316322
108.1283828462101297
81.8707991498087182
64.5539424010017484
53.7355432800842081
43.9394263656435058
35.4543724008669514
27.9344327639822758
29.7307497205932663
22.4172885145437171
20.0643390913426707
15.2944745857334574
16.0834156559505885
12.8681099010304081
11.1822794043139684
10.3801582235618657
8.1579781933135074
6.2525232696681829
5.4721653389009610
9.2197118707119063
10.2436348185829260
11.3110166022492908
12.0698846738827115
13.5283639475706430
15.3624298125404728
18.7391917492584597
23.4983566560619614
28.1429084218223302
28.3863283960045720
33.8597312925786724
46.6709342372224185
55.4556282241579339
63.1013322354050317
83.1915062988843772
104.9651714697440639
113.9472997284792228
157.2099829589250817
255.6645949126770745
542.5552573741507558
1021.1463984965022291
2419.5562812780926834
3954.9067568607338217
306195861890191008553954690520688852119650580376582094848.0000000000000000
48720631397680244096700023055919317575812171607772332612911104.0000000000000000
8193.2969349974628130
1376.2508187518094473
631.3523242414481729
410.6114164500040147
240.3844617645777930
149.9874358985441347
124.7212715217579415
96.8310006603786491
81.5639946029072149
60.4439948305224206
54.0815823919611844
39.4462555498774776
39.8962342537531924
32.3712237675478747
25.0622257807078661
23.1785431312791630
19.3241438616017049
15.6057672177951510
15.6370660434705933
13.6820605942561748
9.9812094491100964
10.0323303411232718
9.5561081169185815
6.9597140413745553
5.9782788942775591
7.7649420724710039
8.2816334422099960
10.7367605053702562
12.3522007842698898
15.7203311933735623
17.7521156845747186
18.5599027644953161
23.3811745830208899
28.2144517825588643
33.1605104327586702
38.3522758360808851
43.1668821992247800
53.5551674156890911
53.9321833647704452
85.9860960944406543
93.1769522170597355
122.8178760125784379
154.9455177203819005
321.6840494914140436
370.7673759648413352
746.7051484404147459
1450.9371231447562423
56694.4263877118573873
204734936835162486484712032253029925312827600304868872203272192.0000000000000000
673150646009053633611149694037124041828285968084329549629751296.0000000000000000
2513.0084703151819667
1160.0334094415129584
531.5802021013812464
573.1255509737818556
245.7367307721856946
181.8451811859816587
128.5602810717660418
99.2410747166775167
79.1093013430960212
64.0553967894952905
49.4552400094285218
43.7403170306976250
32.9515100673756365
28.4318533586953563
25.1545243949355211
23.4745976561313192
18.8042951879159190
16.9913578035939139
14.9621227220545165
12.5593511765653876
10.4769331962538903
9.9378502541380751
7.7742768383089222
5.5431863599303899
6.1777668236271719
8.0213612946735164
9.1664821933253595
12.2182945067354094
13.7223389305626462
14.5756096830836306
17.4372109433743638
17.6875546934376757
22.4040075600691324
25.8603206018625187
30.2936967813855418
36.1768256125057732
46.0437720449352170
50.1807264773682036
60.6830925197176185
72.5461760245443656
106.8781088571435021
126.1918632223851944
177.0264659172538870
223.4971776605609932
543.5409100239277222
915.3355954075254886
2778.5379490650930165
77341.0657924476690823
444606376607788385498612502903848410415344416983174292210450432.0000000000000000
989396319476026898381784251872464793731648042990509487978184704.0000000000000000
23254.7684918288505287
1964.4376778493760867
842.5564922377160428
529.0653439943224612
251.5204598789628108
180.9465848851361045
128.8212117162291008
101.8580409263442021
83.0827933418216844
67.0299352527275687
53.7252960418794743
49.6041885605181818
37.9516090425758961
28.7885938694421384
30.3839407246307154
21.4513700083989356
18.9052015546653251
17.5853834142609209
14.3603691661317594
13.2948372242577459
11.0474041422846518
9.3039604470189676
8.0353819837144034
6.6505337414914232
6.3359926305276861
7.1904597899229632
9.5391762249705891
11.8824625440109113
12.7152937488245765
15.6186071495114120
17.4958141384666561
18.4722497210046477
20.0261688575262156
23.8161926654178338
27.1319064876824356
35.8566752378545957
42.4033637889062121
55.8400237974578175
62.7308915155379481
83.9043480488772957
91.7588578196513538
129.9070112926545733
151.7005022245648718
231.5247444508947012
467.6735266003714742
802.6119037072984383
1010.5238253034431182
8632.3256245154261705
369072695267052161819417995350011660753117957418927738754957312.0000000000000000
941954989496140011019002540907597213677371035910340795804155904.0000000000000000
2230.7566979447087760
1999.8038715298939678
1086.7939400171183024
441.3999271763685783
264.8124619951830709
171.9550529377810903
120.5414110032184851
91.6834928433827514
77.9703880927580144
63.3395308265802228
50.6045707953205977
40.1818633165885117
39.1292301601007040
31.3273712007821992
25.9457175985586233
25.6039891852884658
18.7366056815642992
18.7794458227353758
14.5820921303497535
12.9690014915175365
11.7833083156066358
10.3090862258373352
7.7834823106230582
6.3204811091839099
5.8396313137763958
8.4519209709934113
9.3217454400223385
10.6527367095453513
13.4129506925268220
14.4627261646767771
15.7942476107937058
17.9367966263308922
23.0874313374900595
28.8709553253977766
31.0563747883149617
36.7340985145687284
44.2067127594399025
57.0838715905802303
59.6571646629925993
70.3481925018004688
107.1743923403876551
129.5167404377136506
151.1906421892589947
268.7226927464263895
420.0017843714339278
583.1888424300966562
5163.4370130029383290
6395.0124159457136557
32016565325019919948038124278418302289227448370886101434368.0000000000000000
14933890298126710496320203734884788950219920947224364217008128.0000000000000000
15292.3859725777874701
715.7705651049825519
679.8190612429295925
625.2014355353758219
313.4089824407862466
160.3087205876800851
117.4345281494903332
104.8432315200657285
75.0475222356612335
74.7102363789865365
59.4497800847322608
45.5028652493419230
37.0788452093648715
31.0262431445001745
26.9598611642556101
22.6384041382016541
22.5303019492143655
17.1750348675795834
15.2461572693116416
12.9811761116096314
10.4178059939479724
9.3201020935083605
7.8255183978952179
6.2631646534533472
6.4805707987960393
7.3809269975612155
10.6095802583132084
11.4385159929839890
13.5254824936260842
14.5242600712908914
17.6046682013651647
20.3385158511201070
22.0453725164692784
25.0503821093267653
32.6710750015570071
33.5888396340793562
42.6049433498583099
51.3518924706542492
64.4948791897453049
82.4352947269035212
102.6190448029015840
130.3804603079337312
144.6587864989324146
201.8903388598537560
376.5408075780273975
851.4775131250355571
2777.0488996815479368
24195.4550913614912133
3071783367869197795635703956935503088419872956561370181009408.0000000000000000
888258619377907287159427135375491095037702943842021195026268160.0000000000000000
2806.1615505491586191
4733.9845830389822368
613.5163037978584271
494.0611395828736931
253.7638688259199569
172.1272569132083277
129.0526214989474454
100.6048974863643650
81.9055974434468652
60.9970217628744180
50.5448577513433008
43.8081926680013112
35.2218288812949112
31.0259690609517413
24.4308412775463033
21.2576510903233071
19.7249363014717467
16.4268742902283442
15.2261303221904711
13.2597411215273855
11.5899671839081417
10.0271593303949302
9.5510940968771134
6.0400498089057102
5.6405555406019108
7.7615574321112577
10.7459246181580994
11.8034162323739462
13.7468594932233277
14.6200713909639166
16.8284708349691137
19.0574249544084431
23.6844033342455127
27.2393434621698383
32.1390604933080155
37.7268260813444485
44.1126266508118619
51.7845415139517087
63.6161204392614223
78.1136015803084263
101.9885342588196835
113.0580616834600676
180.5311848079679180
207.0541095346654856
456.2193576134105797
1060.2684962114076370
4263.7124005280375059
2486.4091801712788765
10056823095256779057884257498036282753359908939190514311233536.0000000000000000
891798568448304684035282369404700618055227522591468826700808192.0000000000000000
63828.1426848978735507
2448.9612997370859375
1185.6881568060491645
420.4539959226747783
221.7681772661646562
158.4792729568441416
119.9885603963920317
93.8700269103087521
87.0494689474831205
64.2093744020444888
53.6388261002696680
44.9094084679575616
35.5647240145270587
31.8048499434901153
26.9542013647900696
22.0580635122996043
18.5663960604482803
16.8193335303401739
15.5989426616208124
12.8575503890524896
10.8189047105614264
9.7728082475492819
8.4544303426898644
6.0312773503617603
6.4720194545548804
8.4513252745758205
9.8269072505704944
11.6246238396728945
12.0506254030667588
15.9844866940167147
16.5786697415844593
17.9384415156264403
23.6279673328548263
26.8515880779671718
29.5115954056074870
34.3569446766345408
40.3396453547062066
50.9407565016041701
62.9372432737824923
78.2978252820067269
98.3843352762490184
130.4373218239437620
170.8422423919796813
227.7234724430357460
668.8355103482547293
663.2983115861347869
3831.1502195707648752
51322.2343089717978728
420938025306744564860555268899581232389857488166981566021500928.0000000000000000
1107285151421985442522951558356164136839215990976874926028357632.0000000000000000
3288.6020888240582281
4493.9267479358932178
892.7174455005883829
372.3635771896429674
246.2130066591693947
177.1723500322335383
124.3814952297294241
100.3499392478708927
78.4200213691113106
62.8309033046523098
51.9317045234525310
46.9962862528833014
35.8911448862320555
29.0309492025744937
26.7400713806922496
21.0948699846428163
19.8833675892354726
15.8915351107268208
14.0278834381474447
13.2002939986415644
11.6771543321811944
9.5037975993116195
8.2753224900537319
5.5570247881264470
5.7666405504488809
8.6849973890736365
9.0038714819106520
10.6375731219039640
12.4027952437358930
14.9353466297609181
16.9743647550616394
17.1033784748411932
22.7611972314670403
25.0748430433445400
31.9128967766311362
36.1047798772684985
37.7287824094122186
51.0163693410633101
64.1542444915580319
76.6618847453072050
100.0103959855589295
137.3000975297511275
160.0537642673821779
239.4889191392058478
507.1506690818740140
1101.9747555375472530
6753.7695304816816133
50397.0245107920782175
48861321235144544306684489585141486745849257406702566860914688.0000000000000000
15454540854463416658096101356675401540527570564129876432912384.0000000000000000
6128.1758988517249236
1609.9309588463695491
765.2337736201002372
480.0697398837577907
225.1597528302887099
162.0628766708829005
113.8542569945198011
100.6053724387615205
81.3595778641420679
68.1511659325977348
50.7008371993548224
43.5969181820779141
41.1583822500907672
31.4740478068029041
27.4902128789135993
22.0062630262619159
21.2254459441730603
16.4683547906975392
16.3410459626218021
12.8063421550287906
11.6275031403118856
10.8588175077394773
8.5490715104529968
6.1320420231212891
6.3177099329576558
7.9097161168703973
9.1110311972127125
11.5305203236470515
12.8886052730915761
14.2031078681491287
17.8278838849445300
21.0141908968537052
23.8498272206465920
27.3852759060306177
32.9254224875015709
40.5473395130564924
42.9885304099141194
50.0799747283539247
64.4516751631476694
79.7651954462741628
99.2691752054886649
111.3207179557647777
193.1102527422015100
262.7312595176692867
575.1357826953474159
1027.8899766919928425
1346.6815746341105751
1920.2123639753847328
163694312523195969819704233225630746048481279430673823493521408.0000000000000000
