6.2192802992423113
-2.0000000000000000
6.3627617482225647
-1.9919839679358717
6.5036492026436683
-1.9839679358717435
6.7185970401677189
-1.9759519038076152
6.8581717289980357
-1.9679358717434869
7.0170535074531122
-1.9599198396793587
7.2216834567127748
-1.9519038076152304
7.3517838671473594
-1.9438877755511021
7.5645273538132107
-1.9358717434869739
7.7599184765709142
-1.9278557114228456
7.9525705089079564
-1.9198396793587174
8.1409303677624667
-1.9118236472945891
8.3251171031978117
-1.9038076152304608
8.5348146191733250
-1.8957915831663326
8.7151162895659482
-1.8877755511022045
8.9076165554505273
-1.8797595190380763
9.1064172581860454
-1.8717434869739480
9.2946291009292370
-1.8637274549098197
9.5447990258920807
-1.8557114228456915
9.7085866137383281
-1.8476953907815632
9.9374724714345213
-1.8396793587174349
10.1343370848613255
-1.8316633266533067
10.3837322044419960
-1.8236472945891784
10.5669281271650206
-1.8156312625250501
10.8166288185606732
-1.8076152304609219
10.9182681991686152
-1.7995991983967936
11.1700872172568673
-1.7915831663326653
11.4178598580920010
-1.7835671342685371
11.6570295140669877
-1.7755511022044088
11.8225107696727427
-1.7675350701402806
12.1466894987082235
-1.7595190380761523
12.3605572938102366
-1.7515030060120240
12.5508122044576425
-1.7434869739478958
12.6904309176578369
-1.7354709418837675
12.9415432241394903
-1.7274549098196392
13.2946340624682211
-1.7194388777555110
13.4181477755160206
-1.7114228456913829
13.6711398793279724
-1.7034068136272547
13.8796584619167565
-1.6953907815631264
14.1294508790261570
-1.6873747494989981
14.3155134204115608
-1.6793587174348699
14.5455583035883027
-1.6713426853707416
14.9050337422177268
-1.6633266533066133
15.0550389016776531
-1.6553106212424851
15.2891414671544599
-1.6472945891783568
15.5104071201484555
-1.6392785571142285
15.8705216376581095
-1.6312625250501003
16.1231134288242046
-1.6232464929859720
16.3338919112459564
-1.6152304609218437
16.4182527525209530
-1.6072144288577155
16.7649812292875140
-1.5991983967935872
16.9602468411128093
-1.5911823647294590
17.3181846414881093
-1.5831663326653307
17.4650809840959376
-1.5751503006012024
17.6872447878690870
-1.5671342685370742
17.9901659701029466
-1.5591182364729459
18.2753521813002102
-1.5511022044088176
18.6364865979922314
-1.5430861723446894
18.8557107172094298
-1.5350701402805611
19.1591377839175578
-1.5270541082164328
19.3409306748729755
-1.5190380761523046
19.6261938327340673
-1.5110220440881763
19.9543921185277817
-1.5030060120240480
19.9872345369546984
-1.4949899799599198
20.3092102453791199
-1.4869739478957915
20.6761459357769084
-1.4789579158316633
20.9580132496037663
-1.4709418837675350
21.0738380792131750
-1.4629258517034067
21.4402787954337626
-1.4549098196392785
21.6708814283281086
-1.4468937875751502
21.9990690952189603
-1.4388777555110219
22.1497918216748211
-1.4308617234468939
22.4773105684616716
-1.4228456913827656
22.7074571913429963
-1.4148296593186374
23.0235150138733218
-1.4068136272545091
23.4924070382204171
-1.3987975951903808
23.4672069962383993
-1.3907815631262526
23.8709997156953477
-1.3827655310621243
24.2393779812538384
-1.3747494989979960
24.4216893405246473
-1.3667334669338678
24.9404995258110702
-1.3587174348697395
25.0310029495052362
-1.3507014028056112
25.3488346573910768
-1.3426853707414830
25.3837443127545583
-1.3346693386773547
25.7160554145695599
-1.3266533066132267
25.9334618617089703
-1.3186372745490984
26.4106817815637704
-1.3106212424849701
26.3424215115184097
-1.3026052104208419
26.9128935968376695
-1.2945891783567136
27.1788114015816227
-1.2865731462925853
27.4284469689545460
-1.2785571142284571
27.5347269319007815
-1.2705410821643288
27.9959389537256129
-1.2625250501002006
28.2055574194415577
-1.2545090180360723
28.4707119064017000
-1.2464929859719440
28.7137890146021775
-1.2384769539078158
28.9594630398366526
-1.2304609218436875
29.0957590242610955
-1.2224448897795592
29.5021388798968971
-1.2144288577154310
29.6050604857644970
-1.2064128256513027
29.8662905873425402
-1.1983967935871744
30.2180225611808702
-1.1903807615230462
30.6330994966617745
-1.1823647294589179
30.5448020384036667
-1.1743486973947896
30.9997332121608657
-1.1663326653306614
31.2692840407577748
-1.1583166332665331
31.8335743205557407
-1.1503006012024048
31.7640796843565667
-1.1422845691382766
32.0121867340252280
-1.1342685370741483
32.5184239500842978
-1.1262525050100201
32.4650396895555886
-1.1182364729458918
32.2712139078317932
-1.1102204408817635
32.9355368560934068
-1.1022044088176353
33.3092005222198253
-1.0941883767535070
33.6029125576650500
-1.0861723446893787
33.6086728711038774
-1.0781563126252505
33.8540805252061432
-1.0701402805611222
34.3808240912201484
-1.0621242484969939
34.1612439627554352
-1.0541082164328657
34.4965246437098401
-1.0460921843687374
35.2002789595661127
-1.0380761523046091
35.3750342219239116
-1.0300601202404809
35.1156545553520516
-1.0220440881763528
35.5374390277085297
-1.0140280561122246
35.9239303677953004
-1.0060120240480963
35.9101574265810939
-0.9979959919839680
36.4241925100894122
-0.9899799599198398
36.2737428362428460
-0.9819639278557115
36.7255979857772772
-0.9739478957915833
36.9790792151691221
-0.9659318637274550
37.5451791102556740
-0.9579158316633267
37.6499196198388830
-0.9498997995991985
37.6952242908452604
-0.9418837675350702
38.2690264211363029
-0.9338677354709419
38.3962115777112558
-0.9258517034068137
38.1822576876888178
-0.9178356713426854
38.5108347267220807
-0.9098196392785571
38.8701666232967966
-0.9018036072144289
39.0549327335531160
-0.8937875751503006
38.6095872906141011
-0.8857715430861723
39.7924866887786806
-0.8777555110220441
39.3789741691079840
-0.8697394789579160
39.3401568392660863
-0.8617234468937878
39.4394606877478395
-0.8537074148296595
40.2961474939071920
-0.8456913827655312
40.5578904088786771
-0.8376753507014030
40.4104408085446281
-0.8296593186372747
40.8405418005160143
-0.8216432865731464
40.8087178854612063
-0.8136272545090182
41.2162223198603570
-0.8056112224448899
42.0886754678501589
-0.7975951903807617
42.0565082512182613
-0.7895791583166334
42.0022908926492988
-0.7815631262525051
41.7552261702293350
-0.7735470941883769
41.6797555095339121
-0.7655310621242486
42.8253831910550034
-0.7575150300601203
43.1304464949742510
-0.7494989979959921
42.9249789685970171
-0.7414829659318638
43.2856324786856490
-0.7334669338677355
43.7017211442881930
-0.7254509018036073
43.5502486694150619
-0.7174348697394790
44.4891425134820722
-0.7094188376753507
43.5411105336613815
-0.7014028056112225
44.0197585665109941
-0.6933867735470942
44.4341303519570872
-0.6853707414829660
44.3615695750789527
-0.6773547094188377
44.8879684236641197
-0.6693386773547094
44.9936273448334560
-0.6613226452905814
45.3930451239708503
-0.6533066132264531
46.0455321091281604
-0.6452905811623248
45.4103357434623902
-0.6372745490981966
45.3684885795443122
-0.6292585170340683
45.7920977711299884
-0.6212424849699401
46.2794099222667441
-0.6132264529058118
45.9770807782845523
-0.6052104208416835
46.5958101545836954
-0.5971943887775553
46.7931791061736320
-0.5891783567134270
47.0964028274964477
-0.5811623246492987
46.9813531800720128
-0.5731462925851705
47.3191404773599373
-0.5651302605210422
48.2106829271990875
-0.5571142284569139
47.3221488089387066
-0.5490981963927857
48.0671024139549559
-0.5410821643286574
47.4435680444439640
-0.5330661322645291
48.2482181127316636
-0.5250501002004009
48.5732624506740507
-0.5170340681362726
48.5114120578066661
-0.5090180360721444
48.8366967881738461
-0.5010020040080161
49.1204621968085604
-0.4929859719438878
48.7367632104006248
-0.4849699398797596
49.1456015065552450
-0.4769539078156313
49.3758305097767192
-0.4689378757515030
48.6032385485079317
-0.4609218436873750
49.9315829980455774
-0.4529058116232467
49.8568060338918286
-0.4448897795591185
50.4747915653018850
-0.4368737474949902
50.4307389436804385
-0.4288577154308619
50.1989262807499514
-0.4208416833667337
50.7647450106751847
-0.4128256513026054
51.0083836723315898
-0.4048096192384771
51.4950323788443782
-0.3967935871743489
51.2495442785464235
-0.3887775551102206
51.3302791743439073
-0.3807615230460923
51.5134984619039287
-0.3727454909819641
52.4410331505818021
-0.3647294589178358
52.6016119869929213
-0.3567134268537075
52.1181842007541150
-0.3486973947895793
52.3687535348062809
-0.3406813627254510
52.0246421425789620
-0.3326653306613228
52.7585133133137134
-0.3246492985971945
52.3553737654109455
-0.3166332665330662
52.3358990594692344
-0.3086172344689380
53.0097671470281497
-0.3006012024048097
54.3045298214082521
-0.2925851703406814
53.2439617738164941
-0.2845691382765532
53.1889096610140300
-0.2765531062124249
53.6572237844056303
-0.2685370741482966
53.5460074875483585
-0.2605210420841684
54.9579360075665946
-0.2525050100200403
54.6816960727892365
-0.2444889779559121
54.6315446664748308
-0.2364729458917838
54.5942513535034095
-0.2284569138276555
54.2641640271284302
-0.2204408817635273
54.5151959609503010
-0.2124248496993990
55.6700153631290036
-0.2044088176352707
55.9684357470974874
-0.1963927855711425
55.8634550136185837
-0.1883767535070142
57.0105544714739310
-0.1803607214428860
56.5783774795085321
-0.1723446893787577
55.2316521327038288
-0.1643286573146294
55.7673540919331998
-0.1563126252505012
56.6419911433355239
-0.1482965931863729
57.6564423226312073
-0.1402805611222446
55.9685082180813183
-0.1322645290581164
57.5374716903622740
-0.1242484969939881
56.9274668373412780
-0.1162324649298598
57.8895253829567977
-0.1082164328657316
57.2637260479616828
-0.1002004008016033
56.8244098959255055
-0.0921843687374750
56.6452109654262941
-0.0841683366733468
58.6621722949275792
-0.0761523046092185
57.9966663740577886
-0.0681362725450902
57.5273680339222224
-0.0601202404809620
59.3664419262088217
-0.0521042084168337
57.8152809670544769
-0.0440881763527057
57.3755052251387525
-0.0360721442885774
57.8562490856849223
-0.0280561122244491
57.9268368228791459
-0.0200400801603209
57.4500907489399850
-0.0120240480961926
57.4292195882301826
-0.0040080160320644
58.1223993322486123
0.0040080160320639
57.2646679371724261
0.0120240480961922
58.2505160794695556
0.0200400801603204
59.0355761338353204
0.0280561122244487
57.8963351216707593
0.0360721442885770
57.4863488314210827
0.0440881763527052
57.4506013739593229
0.0521042084168335
57.7837032356574909
0.0601202404809618
57.8431962330543001
0.0681362725450900
57.6330253723778867
0.0761523046092183
57.9403267870184919
0.0841683366733466
57.4829221964336057
0.0921843687374748
57.1830835145868264
0.1002004008016031
56.5448442761763062
0.1082164328657313
56.9594117433002367
0.1162324649298596
56.9601370217210174
0.1242484969939879
56.9583353890406698
0.1322645290581161
55.7883787830225799
0.1402805611222444
56.8424732174812704
0.1482965931863727
55.8767062223636231
0.1563126252505009
56.6476611099844405
0.1643286573146292
56.7410196464924255
0.1723446893787575
55.6543807000561728
0.1803607214428857
54.9197584653466677
0.1883767535070140
55.3744360954572485
0.1963927855711423
55.3862952287842205
0.2044088176352705
54.7163965390391098
0.2124248496993988
54.8709330707587952
0.2204408817635271
54.9774413554239629
0.2284569138276553
55.0511317063664407
0.2364729458917836
54.3303570223373598
0.2444889779559118
54.5621943797005642
0.2525050100200401
54.9206473054033637
0.2605210420841679
54.0910952035009416
0.2685370741482962
53.6015063965792891
0.2765531062124245
53.4763449464341534
0.2845691382765527
53.1543761152507841
0.2925851703406810
53.6557884240093443
0.3006012024048093
53.5455503050681756
0.3086172344689375
53.3497493100384972
0.3166332665330658
53.4898479157332787
0.3246492985971940
52.6721882217434043
0.3326653306613223
52.4675051680228179
0.3406813627254506
52.0118656431919106
0.3486973947895788
51.5390164802279145
0.3567134268537071
52.2646710424271888
0.3647294589178354
51.2600417901450882
0.3727454909819636
51.0477208579099226
0.3807615230460919
51.1336906872812662
0.3887775551102202
51.3068970406521672
0.3967935871743484
50.7023339498372891
0.4048096192384767
50.5216699652248948
0.4128256513026050
50.6085861089640971
0.4208416833667332
50.3388775741938588
0.4288577154308615
49.5770692236422761
0.4368737474949898
49.8898622193703218
0.4448897795591180
50.6698940661690074
0.4529058116232463
49.2532020900468623
0.4609218436873745
50.1630111072622640
0.4689378757515028
49.4171131964797326
0.4769539078156311
49.1420339348843882
0.4849699398797593
49.0051537982235814
0.4929859719438876
48.6819556906378281
0.5010020040080159
49.0442436847967258
0.5090180360721441
48.5529985310289973
0.5170340681362724
47.8976079013056548
0.5250501002004007
48.2888341050023371
0.5330661322645289
47.9744095382322584
0.5410821643286572
48.0474784316551293
0.5490981963927855
47.1488824838085421
0.5571142284569137
46.9950777071011458
0.5651302605210420
46.8044210583362670
0.5731462925851702
46.5724158803412607
0.5811623246492985
46.6396801489052990
0.5891783567134268
46.5829735309431996
0.5971943887775550
46.3567548910168341
0.6052104208416833
45.8811708550116251
0.6132264529058116
45.8009434696895426
0.6212424849699398
45.9223684169730362
0.6292585170340681
45.5353082962854216
0.6372745490981964
45.8026158212863805
0.6452905811623246
44.9662915282749012
0.6533066132264529
44.5924940634285107
0.6613226452905812
45.0220539164529114
0.6693386773547090
44.5674281513022237
0.6773547094188372
43.8124601553888624
0.6853707414829655
44.3234363456242093
0.6933867735470938
44.0921142715562766
0.7014028056112220
43.9085846728356444
0.7094188376753503
43.6657964553557392
0.7174348697394786
43.4292481158361383
0.7254509018036068
42.9225241890417664
0.7334669338677351
43.3990775184588031
0.7414829659318634
42.4649612286792859
0.7494989979959916
42.0985384157213858
0.7575150300601199
42.1385552507304553
0.7655310621242482
42.1597977168848459
0.7735470941883764
42.1653589395075628
0.7815631262525047
41.7785728387437985
0.7895791583166329
41.6239355315655501
0.7975951903807612
40.8095213897433737
0.8056112224448895
41.6071750349081242
0.8136272545090177
41.0326111143839825
0.8216432865731460
40.7882140182274284
0.8296593186372743
40.3182043230864053
0.8376753507014025
40.8412809408400506
0.8456913827655308
39.9890081691942640
0.8537074148296591
39.8612536240450765
0.8617234468937873
39.5241870966500386
0.8697394789579156
39.2496753077334333
0.8777555110220439
38.8174528010230659
0.8857715430861721
38.5628138079056271
0.8937875751503004
38.9310011542341812
0.9018036072144286
38.7793408619545801
0.9098196392785569
38.4672638813393419
0.9178356713426852
38.2822775385830383
0.9258517034068134
38.0284542919790596
0.9338677354709417
37.6447788412843352
0.9418837675350700
37.4867686865601542
0.9498997995991982
37.0977410078527754
0.9579158316633265
37.3824186492620996
0.9659318637274548
36.8015134630153469
0.9739478957915830
36.3475074189103822
0.9819639278557113
36.5854921378168498
0.9899799599198396
36.0566729179466634
0.9979959919839678
35.8554498607682604
1.0060120240480961
35.6015088056397957
1.0140280561122244
35.3258405630794385
1.0220440881763526
35.1510824105020276
1.0300601202404809
34.9932648711132899
1.0380761523046091
34.7261366505511972
1.0460921843687374
34.3677952979817292
1.0541082164328657
34.2760218188500545
1.0621242484969939
33.9879856826236235
1.0701402805611222
33.8119633575624619
1.0781563126252500
33.2918396369089820
1.0861723446893783
33.3110935592111659
1.0941883767535066
32.5863608305205901
1.1022044088176348
32.9104264046633830
1.1102204408817631
32.8576952044854664
1.1182364729458913
32.1532482730563771
1.1262525050100196
32.1983896581086242
1.1342685370741479
31.9091781561485277
1.1422845691382761
31.4485090605196937
1.1503006012024044
31.1803699310327431
1.1583166332665327
30.9752963526245608
1.1663326653306609
30.9880112661073781
1.1743486973947892
30.5900843520048795
1.1823647294589175
30.2033474007049492
1.1903807615230457
29.7211419349765791
1.1983967935871740
29.6352429565486482
1.2064128256513023
29.6895687746957009
1.2144288577154305
29.3047110656065790
1.2224448897795588
28.6546156196034580
1.2304609218436870
28.7975990034328504
1.2384769539078153
28.5533629948446013
1.2464929859719436
28.1452694426824515
1.2545090180360718
28.0451036404126341
1.2625250501002001
27.3814217870476320
1.2705410821643284
27.4658495983073969
1.2785571142284566
27.2058712333593746
1.2865731462925849
26.8994220595268985
1.2945891783567132
26.7110307793651316
1.3026052104208414
26.3794007069257397
1.3106212424849697
26.0950287723456853
1.3186372745490980
25.6937382110812642
1.3266533066132262
25.2519859916181488
1.3346693386773545
25.2944864253290369
1.3426853707414828
25.0889989312514921
1.3507014028056110
24.5478520622632672
1.3587174348697393
24.4172137548542914
1.3667334669338675
24.0925048799656558
1.3747494989979958
23.9776578261424795
1.3827655310621241
23.3842685447882133
1.3907815631262523
23.5797324938168771
1.3987975951903806
23.2464147611219651
1.4068136272545089
22.8910116074938088
1.4148296593186371
22.2823144583919088
1.4228456913827654
22.4553298498824674
1.4308617234468937
21.9976488319075152
1.4388777555110219
21.7697424635121202
1.4468937875751502
21.4373109839657836
1.4549098196392785
21.1963083334865701
1.4629258517034067
20.9271612696346487
1.4709418837675350
20.6282664378175724
1.4789579158316633
20.4043478417535731
1.4869739478957915
20.2955774463601131
1.4949899799599193
19.9333177256595420
1.5030060120240476
19.6218920704303379
1.5110220440881759
19.3149320350170797
1.5190380761523041
19.0388200911277679
1.5270541082164324
18.7763123909949456
1.5350701402805607
18.5624846923248512
1.5430861723446889
18.4489996093509916
1.5511022044088172
18.0120565802410297
1.5591182364729455
17.7355873345032293
1.5671342685370737
17.4808106000177119
1.5751503006012020
17.3226609295208078
1.5831663326653302
17.0280619851904582
1.5911823647294585
16.8105914788512081
1.5991983967935868
16.4134923505013361
1.6072144288577150
16.2473674617124573
1.6152304609218433
16.0778046806308375
1.6232464929859716
15.7298178090026184
1.6312625250500998
15.5907845436967261
1.6392785571142281
15.2503551854724542
1.6472945891783564
15.0748939051859452
1.6553106212424846
14.8176480160875261
1.6633266533066129
14.6226848759103198
1.6713426853707412
14.3607950499851906
1.6793587174348694
14.2199290619117971
1.6873747494989977
13.9162532485377390
1.6953907815631259
13.5744315263646449
1.7034068136272542
13.3731442468434114
1.7114228456913825
13.1967124593889515
1.7194388777555107
13.0154693850200118
1.7274549098196390
12.7456718846165842
1.7354709418837673
12.5350913235462542
1.7434869739478955
12.2884250374374169
1.7515030060120238
12.0651278288511410
1.7595190380761521
11.7673110125481877
1.7675350701402803
11.6072685236923601
1.7755511022044086
11.3736048195424502
1.7835671342685369
11.1317921190649916
1.7915831663326651
10.8903945832084599
1.7995991983967934
10.7699801751195352
1.8076152304609217
10.5935899017118995
1.8156312625250499
10.3558602145695033
1.8236472945891782
10.1106499747319027
1.8316633266533064
9.9097320429764313
1.8396793587174347
9.7108840958550982
1.8476953907815630
9.4802756172678500
1.8557114228456912
9.2911471070466600
1.8637274549098195
9.1426827761805871
1.8717434869739478
8.8671421283712881
1.8797595190380760
8.6782102254441718
1.8877755511022043
8.5564745035106053
1.8957915831663326
8.3229621955164284
1.9038076152304604
8.1022075434911454
1.9118236472945886
7.9424059689116344
1.9198396793587169
7.7363583741297566
1.9278557114228452
7.5951979823557396
1.9358717434869734
7.3882366209871533
1.9438877755511017
7.1968987887590794
1.9519038076152300
7.0514813757872998
1.9599198396793582
6.8421284971135448
1.9679358717434865
6.6761148529194161
1.9759519038076148
6.5294210871270071
1.9839679358717430
6.3374570590856107
1.9919839679358713
6.1915766682653128
2.0000000000000000
