65
4.6692805897487490
-2.4570709418501218
4.8429541155428986
-2.3589281810393614
5.0486584942437291
-2.2864104894556703
5.3075865675112146
-2.2244276447986993
5.5933078247851835
-2.1658993176943375
5.9417264307409194
-2.1108813445629169
6.2953683515260250
-2.0551896294676135
6.6114985291118149
-1.9991253773215851
6.9526918859357947
-1.9435483910100866
7.5355039330535316
-1.8870721096471548
7.9492575679395241
-1.8281385558693251
8.6201251956934044
-1.7648564279426833
9.1302951032758450
-1.7007173216619813
9.8806329311573720
-1.6326214564008825
10.7635115692105590
-1.5643638079344047
11.4794038321572760
-1.4944753606978711
12.2937987336794556
-1.4211858285387124
12.8417142658071253
-1.3478442095071852
13.5043094584897805
-1.2681955700232626
14.2684201274835694
-1.1878352925011948
14.7539555015573267
-1.1014163248638649
16.1276380692389587
-1.0206014455760661
16.7231702083625926
-0.9292296667211518
17.6588294465157496
-0.8484619551089851
18.2483261340015801
-0.7522064251496352
19.2557115323318619
-0.6666076747193450
19.7538826760728838
-0.5664450845459567
20.4356346961440956
-0.4824177680790675
20.9869058170612668
-0.3787588812047881
21.8561235892524124
-0.2932423808329324
22.0543374009625097
-0.1878004694352408
22.4506497254353441
-0.1018600041765690
22.4511763610197406
0.0046912693041034
22.4345025197908114
0.0900666144549292
22.3647783381813561
0.1953869708052119
21.6410827466719589
0.2789337171668857
21.2502741790457890
0.3851160544928139
20.5215280010240839
0.4693953916531200
20.0157958051312690
0.5703751972820783
19.1088415502924924
0.6562509690774651
18.2473957824771880
0.7541106610308875
17.3663748796777462
0.8381334083436429
16.8678222986141257
0.9322321274847564
15.9597631529835500
1.0156935730800507
15.1674442932219744
1.1023698108758750
14.3647238640663897
1.1813328913133387
13.6869923670699229
1.2638685019028528
12.7494970765270139
1.3402762544209625
11.9570664052681810
1.4188210651057394
11.1513718253647482
1.4922598871012600
10.7744868782481191
1.5651417749392751
10.0176033357369256
1.6316256211218352
9.3324824291229938
1.6975321289378951
8.4840374946944088
1.7616062932610743
7.8745505147171020
1.8244326325193461
7.2965068328320006
1.8849900166363345
6.9022324355637092
1.9420028871999593
6.5993092506163586
1.9979682790180988
6.2384707373078747
2.0533967862860534
5.9054248487982264
2.1085238123595382
5.5440058208653493
2.1644625359377563
5.3396784347537150
2.2201830945776182
5.0765809828037147
2.2828443033734942
4.8665949243641649
2.3550555299587246
4.7129306200179011
2.4524672599300592
