200
4.7337669219011449
-2.5371469543288692
4.7470348538078504
-2.4721911873195834
4.7522085555898679
-2.4288996326037151
4.7779718770773245
-2.3943542167840768
4.8235775507274621
-2.3651768987817645
4.9146287538636049
-2.3388563844643944
5.0796110335295426
-2.3150069625714997
5.0880437546373463
-2.2924743810781840
5.1415618079393912
-2.2706137883667381
5.2649144687169036
-2.2493933202114791
5.3616827498988862
-2.2298920737138115
5.4721001052458664
-2.2105940252162655
5.5181241462538617
-2.1915615556058521
5.6554890427893865
-2.1729368278025145
5.6332408057723020
-2.1541959284384893
5.7314548119371622
-2.1356529967496329
5.9333708186388039
-2.1169843382495852
6.0632773785875678
-2.0991243347752455
6.1829017020721819
-2.0812012463362621
6.2136477596869675
-2.0628717796997926
6.3730078620009269
-2.0451859256623721
6.4849594197353264
-2.0271476904448660
6.5986011790105854
-2.0094512609890742
6.5563834375341941
-1.9908757524883058
6.8182323936901330
-1.9729271428743640
6.8835417058199360
-1.9543600782782415
7.0173475992826884
-1.9360482969211628
7.2356688535304805
-1.9174366456652252
7.3479973418423086
-1.8988331516130572
7.4300614146774366
-1.8799355817419943
7.6089395905455044
-1.8608282980048101
7.8822566875915250
-1.8413892104304208
8.0067453594689049
-1.8218726526056108
8.2449305528571077
-1.8016534045903299
8.4351794028675258
-1.7808638739197606
8.7711688801519578
-1.7604283151885769
8.8496927301494530
-1.7403337650059343
9.0888112265857064
-1.7187969364325555
9.2986260068323237
-1.6974984446008359
9.6675428375102292
-1.6764967538029298
9.9509645672595433
-1.6548372203588642
10.2990387190302002
-1.6335431641735512
10.4667872061560772
-1.6111683209972307
10.4885485177393036
-1.5885606587291907
10.9449927890365988
-1.5654110608631628
11.2863472841622663
-1.5425029829416750
11.6581341460125198
-1.5195763965947333
11.7838439295553794
-1.4964652177187674
12.1993273093553665
-1.4736851788727028
12.4308370365207832
-1.4497882648334055
12.8410424754033272
-1.4262064365752705
12.7218411992831868
-1.4013770261020735
13.3312560307646635
-1.3767540118945620
13.4849613793814846
-1.3518629546681733
13.7539807167290888
-1.3264157186293264
13.9916236775482226
-1.3007632214789089
14.1840289531880615
-1.2758090030296065
14.9950190241407437
-1.2501249840720912
15.1516748264098506
-1.2244652417944006
15.4069317305221425
-1.1984633291409084
15.7892090183697924
-1.1715307778132433
16.3579321797584569
-1.1447090354851088
16.2777644091275917
-1.1180740645408873
16.6362882667490162
-1.0901494282325810
17.0832263737228445
-1.0628641391877149
17.6054038080236914
-1.0362085497787827
17.6551020990266458
-1.0083948370440077
18.1788362620023101
-0.9805454256177148
18.4899864807409777
-0.9523423385982297
18.9002896093345001
-0.9230516183668890
19.4940682013261402
-0.8945071191771413
19.5854284698636967
-0.8663355988818721
19.9587402806185956
-0.8377007687009921
20.3614644529090612
-0.8085698263676505
20.9300724116714889
-0.7795484223102392
21.1086519731982420
-0.7499503804927679
21.3266474642215655
-0.7198899633620370
22.2480331879821769
-0.6907385076539817
22.5522146265336580
-0.6606117204844064
22.9616709818374680
-0.6299027081433077
23.0764012039602164
-0.5999746286836137
23.6749895670372226
-0.5699291089736748
23.9224697595131985
-0.5394705105406273
24.1926839184433256
-0.5092355280629665
25.0869988525996312
-0.4790543287343727
25.1534741768563705
-0.4485241524697822
25.2123840013682496
-0.4181701301089336
25.9263200269510321
-0.3873263797307313
26.0513360423078346
-0.3570224432158394
26.1804617408191547
-0.3256112581915052
26.8205863054664988
-0.2942012811577101
27.1302746989553860
-0.2637734960350742
27.1690206533505894
-0.2327037596611205
27.2051950800195854
-0.2016998233243238
28.1420269000608272
-0.1710078526400913
27.4641005799109479
-0.1406632709572460
28.0823158402843731
-0.1095890785791993
27.7261042968692557
-0.0784908334679869
28.2944426265189115
-0.0471093417419339
27.7934260056736093
-0.0159601823779901
27.9067793504684403
0.0149014505861131
27.7885223875928666
0.0464913053281177
27.7878188106935937
0.0771093408516238
27.9014133961967516
0.1079902559845154
27.8794436736734355
0.1394742185184054
27.5973728295651206
0.1696379028822680
27.1215155513074961
0.2012627713976614
27.2014450645257924
0.2333019224902159
27.0702588630066074
0.2637165378883992
26.8339404803018091
0.2941033988973947
26.3481882365291433
0.3253363931762558
26.3596688631202625
0.3556648932866248
25.9658586759068157
0.3861982766857300
25.5165050458200717
0.4170443689781106
24.8937206267212829
0.4478447865879578
24.4678917794040949
0.4781516061246426
24.3357355974100429
0.5089747081647382
24.2548564901371932
0.5389700825592012
23.4849869710486061
0.5686841351142359
23.1556012924921717
0.5993125590224748
22.7488313818484791
0.6301149921319662
21.9026777033024160
0.6594583687946926
21.9017050038153052
0.6894331961161972
21.4431582415614983
0.7189204033278382
20.9812481194003837
0.7482171875003427
20.7112052823458797
0.7782543664583751
20.2924078324173323
0.8069658299579653
20.2403010711073286
0.8367482678629368
19.3523526936849777
0.8661506114116934
19.2188769290623505
0.8953277764299626
18.9707551599526028
0.9235368144727644
18.5454516114799972
0.9530329286681419
18.2492773425694779
0.9805669654977477
17.8935103466012748
1.0087974024790070
17.4624302133201397
1.0367431196026669
17.0017845607149738
1.0646579292545111
16.8771472695012612
1.0911997919736842
16.3520425586095790
1.1184190716889448
16.2694439562945874
1.1451386175514551
15.8954697024801099
1.1711957024726252
15.4169928833499021
1.1970724446649967
15.1730464149583817
1.2234298989755863
14.4674466580355876
1.2491380439545761
14.3570158221139721
1.2744198759343492
14.1539192177880082
1.2996988863347954
13.8348956992962986
1.3244906645063212
13.4439885097087952
1.3504374882221981
13.1876044761336786
1.3754858781043571
12.6434477497129247
1.4002477373091327
12.6593344692341212
1.4235681629910129
12.1852053566021414
1.4479431587827076
11.9793146296000135
1.4722067568152561
11.7197745775929665
1.4961181310905489
11.4378976880907217
1.5197394376740441
11.0820370713268090
1.5431067355538428
10.8340512597543395
1.5663947481430123
10.4694039122628499
1.5892790163349171
10.2678098523595658
1.6120875388692790
10.1769404366918632
1.6338276555748041
9.9586703230828064
1.6559189578600964
9.7101046229739119
1.6767297657998237
9.5906586000867282
1.6984188784252927
9.1933682691626011
1.7194662891936916
8.8783812922839473
1.7396933629605362
8.7427303884726584
1.7599624038150963
8.5581509806410008
1.7804379998780617
8.3097996075982365
1.7997694964410045
8.0551508290456084
1.8198312217756669
7.9919500717790548
1.8402951892963555
7.6386719379062153
1.8588614163657140
7.4640030968027471
1.8782162540424687
7.3343848736092854
1.8983066595484455
7.1001289150922302
1.9168129676420151
7.1702259835338609
1.9349961352070262
6.9234550895316245
1.9538389805771268
6.8114407430857140
1.9719550814294178
6.7096948827003056
1.9904558445477754
6.6332795547850729
2.0077629653968012
6.4433322511421176
2.0263490756552587
6.3029055513533301
2.0443848540002167
6.1746380830012422
2.0627168230596107
6.0675771590326173
2.0805870421450550
5.9723263394562807
2.0982336566151445
5.9416741186851931
2.1164751732910858
5.8238861593971363
2.1343252619961675
5.8029674410265510
2.1529008864680712
5.5672981684281444
2.1714770129796821
5.4870737569243211
2.1898390319196244
5.4726110735000555
2.2093052506818727
5.3302848835334506
2.2291916014607893
5.2017315836350111
2.2491234952598336
5.1791768814036780
2.2705548256619323
5.0890132813025808
2.2915256027057924
5.0184944068002162
2.3143983658766798
4.9195872471046505
2.3385637674250637
4.8487836478442556
2.3647316638079818
4.8273251765048109
2.3938872031501588
4.7836214842823468
2.4282746606803256
4.7386754539036469
2.4722176505908804
4.7529377847933354
2.5372149589051483
