100
4.6945570302940265
-2.4891870825242020
4.7792978583562933
-2.4065426541599431
4.8995999623130775
-2.3502471232740318
4.9826541088906273
-2.3010088750827413
5.1700821507665209
-2.2587150179511561
5.3963372593443966
-2.2189247922882149
5.5667532550682415
-2.1817664137043362
5.7408275835629876
-2.1447107417560085
6.0276151577358901
-2.1087805864189901
6.2717184584556644
-2.0732392244295315
6.4038221501410142
-2.0375886452035359
6.5215651659031018
-2.0011980865974959
6.8263686728436959
-1.9633657252676064
7.1897682917388286
-1.9273689086666252
7.4558714324415964
-1.8903000635957645
7.7988363718008866
-1.8518526535681032
8.0319086935687967
-1.8122146636114218
8.5892610521146224
-1.7713832715958213
8.9799294644701551
-1.7301702525434808
9.4883466425979677
-1.6877297760437135
9.9021511282876702
-1.6432697621439538
10.3960172335133390
-1.5989962981069226
11.0351414490423299
-1.5541153226467386
11.6991411384232862
-1.5093477876427031
12.1363277904924640
-1.4633183542823929
12.6716549355556474
-1.4148609282641138
13.3133672753063834
-1.3658697403175268
13.4702126214898357
-1.3156396390443057
14.3265224195160084
-1.2652076225600399
14.7037108675626911
-1.2123682011647374
15.5160433464470948
-1.1588271208259964
15.8227828008341653
-1.1047143345147432
16.5744968877123604
-1.0492077688309844
17.2774124544267451
-0.9929935197371981
18.2889974892403870
-0.9375675433673887
18.4965446630318056
-0.8804217549455291
19.2521932143725181
-0.8244282374414444
19.8213655465659429
-0.7644505087581784
20.5943163135032030
-0.7073081532475056
21.1429509334177510
-0.6459029376331247
21.9090599791153338
-0.5860246218303775
22.6218362390590784
-0.5238901039874613
23.2552670489111861
-0.4651555754573062
23.7632189757132615
-0.4022049638454628
24.2390643167171227
-0.3423194293600309
24.4805150415673367
-0.2785330931785364
25.2793727966603257
-0.2183597423591529
25.3621762813598295
-0.1537842637214651
25.4171298515390589
-0.0956832637089008
25.3359184310126153
-0.0298335375138512
25.4825062989088700
0.0290281868721289
25.3817387892054782
0.0948161038516644
25.2178703817925545
0.1534368699214873
24.7226407822562919
0.2186278053668149
24.8705515919442952
0.2787643496588988
24.3185297795707349
0.3418161973420119
23.9634416233899685
0.4015978264521211
23.4008975889889541
0.4643408694294989
22.6468054784410775
0.5225852508169443
22.0293181511544347
0.5849894316796506
21.0301386503109811
0.6436062116293628
20.2154469982239320
0.7063014372227849
19.9515232466705790
0.7627396823460094
19.3628561480984196
0.8233359814804874
18.8051581793399087
0.8803237594833834
17.9768578495949072
0.9388614178970170
17.5741448912646163
0.9951981684038156
16.6993114629243955
1.0509359943176948
16.0607414209091672
1.1051272770432727
15.7537431999304971
1.1589754097824818
14.9521367006315682
1.2108950385455277
14.2200440343612478
1.2628766641310625
13.6490902584902365
1.3126199673247203
13.1400201343786662
1.3625090138617375
12.4101322935892338
1.4126828053161562
11.9330517867913564
1.4611928527823634
11.5134551662006519
1.5079738282916451
10.9116446458219976
1.5554319719345766
10.5185430174920871
1.6004614512952857
10.0163405131275702
1.6444380136929957
9.5319830783332140
1.6880322643874892
8.9774148188757046
1.7297091515787788
8.5195802499469053
1.7696260681908169
8.2426381490833709
1.8096289939126404
7.7142728587773695
1.8501132656708887
7.4724394112825507
1.8886905079811454
7.0255674474083882
1.9262106125114116
6.8831964430691270
1.9640025735205411
6.5815510495610612
1.9982772068667136
6.3447560659175046
2.0362492795416163
6.1314315330706357
2.0724100987878136
6.0556827822668806
2.1075989145279364
5.6585908699958765
2.1435512257215179
5.5454698514295364
2.1810193413179029
5.3505409981886736
2.2172255890003969
5.1431535237886834
2.2580922334295237
5.0763426829789493
2.3012294960379824
4.8767430455266734
2.3482999562966684
4.7756559241575625
2.4088694705260711
4.7197721363615868
2.4881112351340366
