350
4.7551245438555583
-2.5706279228382467
4.7111644273942463
-2.5147302474470874
4.7110285682112609
-2.4791736147275643
4.7013397449535077
-2.4514220683192640
4.7654968645857281
-2.4287488166507263
4.7837406169575383
-2.4082475024470860
4.8303225118441153
-2.3900401789335848
4.8056212277308541
-2.3732190894418892
4.9006966890010437
-2.3572180342682669
4.8706274451146951
-2.3426881336257246
4.9116768349151494
-2.3278423190275279
5.0122897474765953
-2.3142697900140283
5.0387166176208504
-2.3010321909479381
5.1523644072251651
-2.2883450550673050
5.1161435476319985
-2.2764083493288747
5.1994260131056249
-2.2639668318650785
5.2674720959660899
-2.2520128346560333
5.3112365869772127
-2.2404853632883719
5.3526624451138982
-2.2286810350629578
5.4645190109425217
-2.2173356550449150
5.4939481449515535
-2.2061353490394540
5.5026797756844150
-2.1951688282565298
5.5382303806114281
-2.1844575710468326
5.5772365883022941
-2.1737257981837876
5.7152260267489634
-2.1628042044519815
5.7695716718643437
-2.1524140482285419
5.7620620779025824
-2.1420319909211982
5.8498589569086903
-2.1315680292717363
5.8920309076257809
-2.1208200367566867
6.0106203538340850
-2.1105923973503162
5.9862513445667158
-2.0998774541876810
6.1176918401616165
-2.0898380338125726
6.1613076075250932
-2.0796739229654948
6.2427302184717668
-2.0692486401605104
6.2641578403119151
-2.0588252429365888
6.2653549615127337
-2.0481147907575434
6.3519243363058937
-2.0378791440612600
6.4325905883195738
-2.0277386525213164
6.4623741267923958
-2.0174612506787191
6.6282478782010479
-2.0073752039005854
6.6665910043822576
-1.9972457698188260
6.6078826809359024
-1.9868764054987991
6.7251591800934785
-1.9765208354300605
6.7209456529869200
-1.9658762783492754
6.8539731760895677
-1.9550263318798631
6.9841814036747643
-1.9445409759031722
7.1407194339749358
-1.9339089967122256
7.1504720777096571
-1.9234324298227170
7.1186985163274556
-1.9128395728078513
7.3097019144154922
-1.9027036254633418
7.4791770446297718
-1.8916710395730265
7.4140920718742116
-1.8809580500069827
7.4730663189735171
-1.8699445026497938
7.6495961655714346
-1.8587543541575735
7.9653681299905861
-1.8477491713405276
7.7141970193329916
-1.8362347204900311
7.9973890682453481
-1.8248036364587439
8.2311343491646198
-1.8137129497920550
8.1600834243408009
-1.8022008786854908
8.4962119769324769
-1.7906299127216643
8.3863953022887721
-1.7790615050023020
8.6699093694859020
-1.7672284856856075
8.7494086708356633
-1.7552166185471492
8.7978334875890223
-1.7435514329667610
8.9541315972495088
-1.7317149770805602
9.1480037305250193
-1.7192536477175508
9.2358198360770807
-1.7069045496565542
9.4771333243077844
-1.6949404198285698
9.4173747583642413
-1.6827580385788192
9.5533501979253934
-1.6707661537665062
9.8700682122186798
-1.6582029821451811
9.9666600475353260
-1.6458428684997732
10.0330629995146925
-1.6333868409890975
10.2200776822489505
-1.6209134689344793
10.4028615476283921
-1.6081335888165342
10.7338421120698158
-1.5955501151418254
10.5989529284341355
-1.5826994873517706
10.9953509554668312
-1.5695560614679553
11.1108905322857172
-1.5562155876009889
11.0764884635524830
-1.5432789686937500
11.2767686150052189
-1.5301867123961030
11.6335545751812468
-1.5170345725891625
11.6882025993898093
-1.5039954583901194
11.9642573509692376
-1.4908212607842641
12.0967623600948659
-1.4774577603065711
12.2111896595802065
-1.4638619612174666
12.1747124471923005
-1.4502062688718502
12.3493575249053791
-1.4367468063459188
12.5257157730542037
-1.4228109331013836
12.8643710957795268
-1.4087547443532060
12.9734930313671342
-1.3949880465559463
13.1726069258365204
-1.3807531434448881
13.3434761961274653
-1.3668310263069088
13.6505406628097479
-1.3522942360122048
13.5526480119115202
-1.3381704618651167
13.8941335267974928
-1.3237881997418206
13.9139889487822739
-1.3090596258421880
13.9409882463286969
-1.2948737192068294
14.3510959815328736
-1.2804342209554946
14.3723656917210079
-1.2653796733901697
14.9197410032385651
-1.2504221230119590
15.1326384089370922
-1.2355969351973863
15.0356428555194324
-1.2212631008370285
15.6028983117897102
-1.2065408077532482
15.8800388984263741
-1.1914808104719159
15.8360886442290703
-1.1759565613115348
15.8535379769983606
-1.1611021990981816
16.2888021753850936
-1.1457265344077205
16.1886257447594346
-1.1311587042581939
16.5630789888387966
-1.1152138751632801
16.5768924567871352
-1.1003375631839944
17.0279637089987190
-1.0847167023308788
17.1878714793515428
-1.0690138591184011
17.1595122973874119
-1.0530319413334905
17.3191793352166385
-1.0377837910450731
17.5568700513669036
-1.0216163640256930
17.7200942203141736
-1.0059525449306033
18.2588102982731897
-0.9898027922183057
18.4718210496113251
-0.9738128893889670
18.3976483005702285
-0.9581099865034803
18.8061508104727295
-0.9417748262264749
18.7178111816592541
-0.9251164312570076
19.0948119689793820
-0.9087232559518977
19.4724688087778510
-0.8925495215479000
19.3895336523113926
-0.8760817161089373
19.7865314992565295
-0.8600835704156241
19.9428351074911241
-0.8435053950344571
20.1310738404980967
-0.8264801914364329
20.3138309779612882
-0.8099502953299483
20.5372139442552992
-0.7931622531711849
21.1788180524457204
-0.7761913589753394
20.8054644849798827
-0.7593967451689523
21.2874444014750281
-0.7427205672246403
21.5542935759649055
-0.7252287812403148
21.9586165108945970
-0.7085800271560901
21.8851173782690474
-0.6911679046984582
22.4033945104817782
-0.6741173874530950
22.3497171379473194
-0.6572783828757826
22.8813757386753416
-0.6404808790201161
23.1717386366552418
-0.6229912875698885
23.3173544021672434
-0.6061231524847890
23.4779860717914488
-0.5888126885985662
23.4582377509241269
-0.5719260418599552
23.7298629649161796
-0.5546501960855872
24.0354096106883262
-0.5366343318759423
24.6229116212534471
-0.5193820701354859
24.3738872908049764
-0.5018672451567285
24.9492724687838106
-0.4842523326265636
25.3286271276843493
-0.4670249629943062
25.2892711049515135
-0.4490884897993711
25.6227909754719043
-0.4318788163753948
25.9029396897732411
-0.4145779943918586
25.7705513938030819
-0.3972190434900945
26.2648630581251084
-0.3802262533535593
26.0258091725266070
-0.3625595844142765
26.5655726240922760
-0.3446652723319904
26.7701043108328776
-0.3269355488385821
26.9297229625417849
-0.3096981900604125
27.1770316648037671
-0.2919836034625843
26.7147364095384496
-0.2744111362781756
27.5158329706918643
-0.2565416509549749
27.4648403892367305
-0.2392246556157796
27.4669716691137928
-0.2210962614970283
27.4458226155176348
-0.2030707305227038
28.2555959997636492
-0.1856277643588271
28.2962115579484852
-0.1683695458236418
27.7469523516340857
-0.1502764932827510
28.5719189496042851
-0.1323161604237297
28.0623644477143728
-0.1152997622052603
28.2253252169481570
-0.0972708759529039
28.4366065483931720
-0.0798380531047036
28.1412479140881899
-0.0621977089139982
28.1032410528416179
-0.0442060624723999
28.3276756187435765
-0.0263430803433017
28.2947600449687577
-0.0087044700571979
28.5054141875445595
0.0090653477157805
28.0712521191091824
0.0271012689069370
28.0942869253428462
0.0446320722617952
27.3743740567361620
0.0625134522013859
27.9356335859646272
0.0801598737074149
28.2664841334058536
0.0976980161039636
28.0010805273806476
0.1155883708249618
28.1747311618637681
0.1340239711713483
27.5527218910957750
0.1518050441455678
28.2049614808427798
0.1689603388298776
27.8243887122894655
0.1868404959829802
27.3248445155731794
0.2050823066687171
27.5759055172599616
0.2224632374207139
26.8476402172434625
0.2402675237913251
27.5218761008274839
0.2577714023411883
26.8723641540764575
0.2754468779688504
27.2585865244755574
0.2933102584583222
26.8770150601497591
0.3107012659014460
27.1088456418403503
0.3281609161210220
26.9495834327683887
0.3459918829821716
26.1226138669938948
0.3631762311204957
26.1631084091649022
0.3807881562307683
25.4679209148312822
0.3982605897177149
25.7466290552841137
0.4159895894071885
25.8553602288689852
0.4337510045557844
25.3138119255738694
0.4510501035334308
25.4156493990589603
0.4684468233425453
24.8947685082211656
0.4859942566423263
24.9412242358505942
0.5032878537422993
24.2807576059653023
0.5201564402189756
23.8943369165515378
0.5374479316722655
24.3585089359188025
0.5544790507089877
23.9300837341608243
0.5721184732707970
23.6912719061375192
0.5889891459387436
23.1550556792138593
0.6064141223638677
23.0427301704476832
0.6237205783966427
22.5898438016789846
0.6412929468053565
22.7352543471969604
0.6580089217936952
21.8169495397885456
0.6752402771779349
22.4958002811240405
0.6922673706334024
21.8085584198153839
0.7088699306909780
21.3867830269739692
0.7260293317060438
21.1877264580370230
0.7427292257461849
21.0829205929984482
0.7593427487892188
20.6825798270295849
0.7763733162838371
20.6533900341345777
0.7934428060250582
20.0973114198777303
0.8106036227817057
20.1461383924327819
0.8270179061142205
19.5674009410876266
0.8434906432059716
19.5783057698086331
0.8605956803258620
19.5930491561085880
0.8776653132912507
19.3657863131912329
0.8940217266331562
18.9587472362692608
0.9101902653477569
18.7986032189699337
0.9262964990242221
18.5748158982689411
0.9426278929036389
18.5400366265733609
0.9587516785114539
18.3367744929543477
0.9745742552260506
18.1690743461771156
0.9908639406457831
18.1304109700733243
1.0071980871113850
17.7499079434487506
1.0232912455494858
17.5330397964394002
1.0391722910170316
17.3008136321970198
1.0547030739052410
17.2088607045923965
1.0699899404838762
16.7076493630280112
1.0854646477397221
16.6259509873771130
1.1010186791847363
16.3163501917573299
1.1166782684291552
16.1364558983051225
1.1314416193801764
16.0285297578297339
1.1470621326093053
15.6104929702380968
1.1622632111183482
15.8540915323901412
1.1777189627741826
15.3450389570456469
1.1926426316678680
15.4494396190676966
1.2074213358109447
14.9247535979411214
1.2224493209729534
14.6410712103174845
1.2371244486902502
14.6613335112432672
1.2517761868280182
14.6566928545514248
1.2659798834613984
14.3448607096291951
1.2805955116694794
14.3963346980749112
1.2955372485554371
14.1964524732804307
1.3105206909678779
13.7270787708832085
1.3249868329781025
13.5889314171097020
1.3387280197822993
13.4948737259231688
1.3534781709231738
13.2897663460338311
1.3677637086421022
13.3154470975982537
1.3818606032833285
12.9327616607001765
1.3956732492837256
12.8485187091381832
1.4094614255407401
12.6576643949763508
1.4233832289616217
12.4768668121419353
1.4367481078006719
12.2812641660625825
1.4507730396135292
12.0158797394056460
1.4644980808435120
11.6966594610112509
1.4781848640796127
11.8663975641519546
1.4918784932437321
11.5060697689759621
1.5055694223897955
11.3714476645190050
1.5188518401847590
11.1991869395595511
1.5321309349773620
11.1995027035468731
1.5451580382974721
10.9774888850216303
1.5584314152687504
10.7320845413221289
1.5719150870555796
10.6954027484471794
1.5851888126040239
10.3892327774918485
1.5975952920102989
10.2346390598668755
1.6102494232738003
10.2094533115763149
1.6228642517168843
10.2065706222747554
1.6359154226118024
9.8364903978196203
1.6483461800021975
10.0835348170794994
1.6602903698534426
9.7970551903556853
1.6730901756148944
9.6454733923355906
1.6852862677803566
9.5491438164046993
1.6973716434380772
9.2846896520190043
1.7097696611627433
9.1377029704088528
1.7217727923900519
9.1035974331621752
1.7337410213633444
8.7625025759904176
1.7453184651389768
8.8111877686492850
1.7565970132805895
8.5980382380354339
1.7680050694057783
8.5410192942782786
1.7799671549231484
8.3487679713764518
1.7914698198804409
8.1265698477600896
1.8028914510025282
8.2040830203024306
1.8141460510216392
8.0776903033796206
1.8257793868666938
7.8012505551911362
1.8367849711722208
7.9351071833695297
1.8477994299322507
7.7213783827499247
1.8590853217924104
7.6144171314630995
1.8701383701193708
7.5385832517470881
1.8811637994186148
7.3442349503726545
1.8921172942118027
7.3311757886912545
1.9029870384505794
7.2558749867942334
1.9137045134600656
7.1789482889571508
1.9244170661059956
7.0158914780520583
1.9349689727714012
6.9557120469215956
1.9452087226937689
6.9492339513655681
1.9558565145147693
6.9401814832542454
1.9666173674464900
6.8188315771906876
1.9771144117797270
6.6853785239186418
1.9876600568299911
6.6272310042809597
1.9977378290818817
6.6118668418484390
2.0084233060219474
6.5540304009080321
2.0182214870337973
6.4718571887965846
2.0283337902002549
6.3288895365561650
2.0385734516945901
6.3237740989608549
2.0487689799539175
6.2506949963231833
2.0587060296080173
6.2001944084749328
2.0691794475526288
6.0555540881756835
2.0800390546553986
6.0823441276576693
2.0902573559471760
5.9974237482664057
2.1002646631821142
5.9510710833120282
2.1107907534601216
5.9550722046610343
2.1211666782788066
5.8744794135279825
2.1316957439612558
5.8452281200052330
2.1420832100206280
5.6558345441094904
2.1530597273317498
5.6847273355948387
2.1635574727810156
5.6240215506307338
2.1738859478743335
5.6034637511237193
2.1850796769269025
5.4851157246691660
2.1957200781464397
5.3957299377059389
2.2067050451640435
5.3602084866969797
2.2180229992789666
5.3780588092506765
2.2294561728936797
5.3244008214389842
2.2411641546519467
5.2017023191380884
2.2528366514872977
5.1994420605567804
2.2643266382373204
5.1650024614335912
2.2764780082181653
5.0553876657501942
2.2883111636755205
5.0329450873607371
2.3014362901010337
5.0663708494063071
2.3147586118101997
5.0205229354601464
2.3283747487610196
4.9291891673943198
2.3424022579609072
4.9161029185195027
2.3570964385472855
4.8606142207701089
2.3729895502641876
4.8556062197310812
2.3902569970314600
4.7728268485040939
2.4082656028045375
4.7513555436455253
2.4287800900117165
4.8011022627237985
2.4517357222179763
4.7221891106508505
2.4791631158942931
4.7689108687539363
2.5152867277766768
4.7555211367074888
2.5717177132358153
