50
0.0000000000000000
0.0000000000000000
0.1282282715750936
0.0641141357875468
0.2564565431501872
0.1282282715750936
0.3846848147252808
0.1923424073626404
0.5129130863003744
0.2564565431501872
0.6411413578754679
0.3205706789377339
0.7693696294505615
0.3846848147252808
0.8975979010256552
0.4487989505128276
1.0258261726007487
0.5129130863003744
1.1540544441758422
0.5770272220879211
1.2822827157509358
0.6411413578754679
1.4105109873260295
0.7052554936630148
1.5387392589011231
0.7693696294505615
1.6669675304762166
0.8334837652381083
1.7951958020513104
0.8975979010256552
1.9234240736264039
0.9617120368132019
2.0516523452014974
1.0258261726007487
2.1798806167765910
1.0899403083882955
2.3081088883516845
1.1540544441758422
2.4363371599267780
1.2181685799633890
2.5645654315018716
1.2822827157509358
2.6927937030769655
1.3463968515384828
2.8210219746520591
1.4105109873260295
2.9492502462271526
1.4746251231135763
3.0774785178022461
1.5387392589011231
3.2057067893773397
1.6028533946886698
3.3339350609524332
1.6669675304762166
3.4621633325275267
1.7310816662637634
3.5903916041026207
1.7951958020513104
3.7186198756777142
1.8593099378388571
3.8468481472528078
1.9234240736264039
3.9750764188279013
1.9875382094139507
4.1033046904029948
2.0516523452014974
4.2315329619780888
2.1157664809890444
4.3597612335531819
2.1798806167765910
4.4879895051282759
2.2439947525641379
4.6162177767033690
2.3081088883516845
4.7444460482784629
2.3722230241392315
4.8726743198535560
2.4363371599267780
5.0009025914286500
2.5004512957143250
5.1291308630037431
2.5645654315018716
5.2573591345788371
2.6286795672894185
5.3855874061539311
2.6927937030769655
5.5138156777290241
2.7569078388645121
5.6420439493041181
2.8210219746520591
5.7702722208792112
2.8851361104396056
5.8985004924543052
2.9492502462271526
6.0267287640293983
3.0133643820146991
6.1549570356044923
3.0774785178022461
6.2831853071795862
3.1415926535897931
1.0000000000000013
1.0000000000000011
1.0000000000000007
1.0000000000000009
1.0000000000000009
1.0000000000000004
1.0000000000000007
1.0000000000000007
1.0000000000000007
1.0000000000000007
0.9999999999999996
1.0000000000000007
1.0000000000000007
1.0000000000000007
1.0000000000000007
1.0000000000000007
1.0000000000000007
1.0000000000000007
1.0000000000000007
1.0000000000000011
1.0000000000000007
1.0000000000000011
1.0000000000000007
1.0000000000000011
1.0000000000000007
0.9999999999999993
1.0000000000000007
1.0000000000000009
1.0000000000000007
1.0000000000000009
1.0000000000000004
0.9999999999999998
1.0000000000000007
1.0000000000000004
0.9999999999999998
1.0000000000000004
1.0000000000000004
0.9999999999999998
1.0000000000000004
1.0000000000000007
1.0000000000000007
1.0000000000000007
0.9999999999999998
1.0000000000000007
1.0000000000000004
0.9999999999999998
1.0000000000000007
1.0000000000000007
1.0000000000000007
0.6649690382756134
1.0000000000000011
0.9999999869106380
0.9999958494701237
0.9999977632920933
0.9999854579984031
0.9999717947315805
0.9999444592577946
0.9999448264441904
0.9997990931099562
0.9999408716991672
0.9997745169828350
0.9996473609248976
0.9997282261688941
0.9996278752749390
0.9995233256611696
0.9992703541204472
0.9993518367390680
0.9996111847482890
0.9993962586133726
0.9981138838031325
0.9989822327499344
0.9973322229723343
0.9981341784023519
0.9968798377354452
0.9974467625990718
0.9972625885958647
0.9964566757727291
0.9935749226514774
0.9962495134627981
0.9974306033601883
0.9944479712438266
0.9963795724536010
0.9924904129891637
0.9921621025514448
0.9908956040853433
0.9884715078104462
0.9856219027199310
0.9815461948209581
0.9768379844525394
0.9699732219788010
0.9761663039133398
0.9702237986188292
0.9622846370573118
0.9454923420244448
0.9117906740944142
0.8815114962977304
0.7346606336323044
0.6021605076589025
0.2593537827423321
0.0400000000000000
1.0000000000000013
0.9999989177751897
0.9999993532803898
0.9999868544844530
0.9999882940974572
0.9997902850961404
0.9999571810037292
0.9999666557131675
0.9995407198206384
0.9996785142090574
0.9997316770167500
0.9992672410664500
0.9997621877704130
0.9996287756315962
0.9979342803626382
0.9991863971664984
0.9986954911800243
0.9977546223957913
0.9976684553802918
0.9974158344983269
0.9941087417006439
0.9960675514773946
0.9953671025034236
0.9950824180195560
0.9914006258419036
0.9925021180139066
0.9927227658958131
0.9922663323339299
0.9868436129721333
0.9866968141708784
0.9809291953348279
0.9808504932080944
0.9747831338872086
0.9742782571468098
0.9673642391658569
0.9591960822006500
0.9463599419336204
0.9463943818436610
0.9420314833218524
0.9344240433317723
0.9117510131788735
0.8583988637928627
0.8443489393709436
0.8039241120222540
0.6449453563086832
0.5689278048012421
0.4210030047846273
0.2624738054964316
0.1203396695595317
0.0400000000000000
1.0000000000000011
0.9999999309038589
0.9999988407322585
0.9999943996883566
0.9999573427973172
0.9999793270897367
0.9998963002483505
0.9999111262295252
0.9997908651898166
0.9990542696421428
0.9985851397226867
0.9988534001175789
0.9992171919667612
0.9978382151743346
0.9977180195815768
0.9968235747760068
0.9974365597525177
0.9965655640039709
0.9943725181140126
0.9932891795970777
0.9916480359551688
0.9927114298200648
0.9913289387899674
0.9873841723336727
0.9873546536065508
0.9856919155756417
0.9790304384868804
0.9771576012901255
0.9854056065530367
0.9698497552030108
0.9577184859556974
0.9515403524305599
0.9587037282764780
0.9383215197361670
0.9556749334331105
0.9331873340886491
0.9273981930835209
0.8852606060362063
0.8740299928729686
0.8130743013309994
0.8418362107409711
0.7421020858609767
0.6498105215127826
0.5986499539950239
0.4503239853099767
0.3358389231764436
0.2587514901317948
0.1546469005456849
0.1008733871184581
0.0400000000000000
1.0000000000000011
0.9999929240608814
0.9999987376981234
0.9998901853887373
0.9999575590677382
0.9994223405825796
0.9994439179293760
0.9996072280650792
0.9997117944720768
0.9988871545115348
0.9993726309725595
0.9992529697148542
0.9986415332169820
0.9972878848591865
0.9963973517850275
0.9979628532048999
0.9957620539029240
0.9920170113864059
0.9900716220117214
0.9900423005620829
0.9885113498265068
0.9898736933726189
0.9755157244347828
0.9811219872208180
0.9776640822228652
0.9771267621060817
0.9682224306145749
0.9690496049704315
0.9501370950425807
0.9535764971759817
0.9471652978819131
0.9246567773630288
0.9480998284758373
0.9265573381826223
0.8568342471284096
0.8636768193204604
0.8529409122349766
0.8566957077452777
0.7814728346881668
0.7690642478390860
0.7042596564472441
0.6271660214627293
0.5294045499599411
0.3729400126024328
0.3487542241188722
0.2461038678572764
0.1901367625826778
0.1484343978813288
0.0908469855263433
0.0400000000000000
1.0000000000000013
0.9999999048026649
0.9999975236862603
0.9999927335804831
0.9999622508977621
0.9999200202198129
0.9997671083073527
0.9990756339582949
0.9993434136949989
0.9990457941373471
0.9979334238242420
0.9971717128060511
0.9981444392294428
0.9947105046833690
0.9957913092749794
0.9932030339830663
0.9927862947333027
0.9941244780747847
0.9853666907395356
0.9819311721850336
0.9785228639136458
0.9788247399321470
0.9670649108892616
0.9720374874392154
0.9628575902325538
0.9706057428668782
0.9547874171812193
0.9318397765877573
0.9398003405124612
0.9403156236100858
0.9035536382223341
0.8641114605842730
0.8871292378946414
0.8637522745647433
0.8062281067794980
0.7890657601247251
0.7868578836416025
0.6880184563436035
0.6051772341708025
0.6536616648021341
0.6280852617896484
0.4812056371862692
0.3716596044728301
0.3091518103652263
0.2762378568295671
0.2028399738450997
0.1641112715866334
0.0972837180646987
0.0768464272612277
0.0400000000000000
1.0000000000000011
0.9999987308367285
0.9999949237846686
0.9999956377954405
0.9999379916484274
0.9997103525131761
0.9997487576864986
0.9989203310960315
0.9992484237704079
0.9989733588268653
0.9976619952954209
0.9986481945713234
0.9967608092513656
0.9958133859360345
0.9892781758667920
0.9885369580262146
0.9883131822809800
0.9868572792625105
0.9907362766191309
0.9882372372696209
0.9742215415925239
0.9710181574749939
0.9553425536968427
0.9526947121370474
0.9528245927816746
0.9368866020433410
0.9163874496494649
0.9349058640156398
0.9009452312279836
0.8848416801066504
0.8493137508125946
0.8872433002568785
0.7674324317293549
0.7777794083362904
0.7267879849851173
0.7318357667493510
0.6961168449512133
0.6189282910704771
0.6318485845141782
0.5037843238733217
0.4379251754015984
0.3810030533844359
0.3236788570740195
0.2503704307185795
0.1889361555554920
0.1666161231397747
0.1246906108732212
0.1004461544863958
0.0690214781297673
0.0400000000000000
1.0000000000000013
0.9999995702716503
0.9999936792030317
0.9998592612780175
0.9999626407448358
0.9991518603908984
0.9990336348609843
0.9980799971136144
0.9991520013176332
0.9979379638933606
0.9970528215502996
0.9937179308677387
0.9906674536721175
0.9883870725901049
0.9836135871910737
0.9898778341646055
0.9769400649717292
0.9804379315675511
0.9739219496016452
0.9699141682094834
0.9678200863778009
0.9490620001631164
0.9311160425952283
0.9321935785918147
0.9386072166826043
0.9183675825062924
0.8739188931930876
0.8536068745765683
0.8737598439601183
0.8148920321519142
0.8422543176086501
0.7626492785997000
0.7424977835578236
0.7059438636709988
0.7055639543252328
0.6013526548293641
0.5737048758221150
0.5868834610390562
0.4264468138076623
0.4127674395499754
0.3579884758017085
0.3082046151962120
0.2615805013860417
0.2314120527984794
0.1934291998580979
0.1538357049066913
0.1195984732701476
0.0873836900708093
0.0697655524031332
0.0400000000000000
1.0000000000000013
0.9999995609991423
0.9999921025685923
0.9999337628402424
0.9993255090652421
0.9998921707688296
0.9991155557726273
0.9980843066228965
0.9994482856582521
0.9977668580811061
0.9948724232268373
0.9963089245752667
0.9913730619747928
0.9893845194309137
0.9869578494801982
0.9682285805230216
0.9871968128669134
0.9772886628306795
0.9641586008096898
0.9537225472017785
0.9412597029902200
0.9503772501849760
0.9377912024225449
0.9113910518256679
0.8900882847171434
0.8903533227927733
0.8327496001303212
0.8192695621851466
0.8525271278024433
0.7562846739983168
0.7678519231061405
0.7210220393214847
0.6686604020743632
0.6238563421512420
0.6680770930690229
0.5535543426597683
0.5063867132071973
0.4385460260613963
0.4078669506583093
0.3288850996549212
0.3102746699250188
0.2742718759717735
0.2197502329760829
0.1970199243185622
0.1587313496466059
0.1459280882847495
0.1094834052120620
0.0758084077754681
0.0654576206117577
0.0400000000000000
1.0000000000000011
0.9999996681008860
0.9997827942531170
0.9999667183855255
0.9989515115697442
0.9995332687180085
0.9991781859618689
0.9982420181675116
0.9989636108224733
0.9949883882813295
0.9919227337270496
0.9924254764469466
0.9782261720088768
0.9804009086877991
0.9801427703260392
0.9749330668963475
0.9692644466674841
0.9580273465769503
0.9455692364497267
0.9348831777714115
0.9113006703490270
0.9166298094532915
0.9295473096084849
0.8926664547212254
0.8473354851540040
0.8094300261461268
0.8006931356181273
0.8224269863102751
0.7670799950327591
0.7369202838391660
0.7297861770064081
0.7133089506710992
0.6369774445993702
0.5662593870597820
0.5456842912806307
0.4514685055819089
0.4404360702048881
0.3388764939286028
0.3386767018631992
0.3154800298834846
0.2553909018166837
0.2145935621453584
0.1900093535712206
0.1864650412439988
0.1444734684349266
0.1312192479197057
0.0905263824882857
0.0781768572311449
0.0617796351867002
0.0400000000000000
1.0000000000000013
0.9999992452792704
0.9999585487386681
0.9999465710077933
0.9993266366619671
0.9995294484663622
0.9985114748936753
0.9979913926398332
0.9974561724387371
0.9953176359298596
0.9924130550630981
0.9924066650157467
0.9832288583289480
0.9843496906499589
0.9722506941476110
0.9640913138115125
0.9628005543358471
0.9464384830617495
0.9303141686733549
0.9338391545904045
0.9277630584677514
0.9084169111234160
0.8691907890215618
0.8739376026174303
0.8420700192744491
0.7936659090278918
0.8016180944979836
0.7588805007449209
0.7316173943870989
0.6975340657853081
0.6373332529308180
0.5950267731480351
0.5492710082489453
0.5155103201016008
0.4299265355889946
0.4095015255819442
0.3883249196510206
0.3339870175211870
0.3166652026380667
0.2989352646365774
0.2277713640742117
0.2315842233101679
0.2057568303316084
0.1651478606333013
0.1318106850563006
0.1171334221663702
0.1041019853974226
0.0747139380442778
0.0614864727130421
0.0400000000000000
1.0000000000000013
0.9999693644072132
0.9997855085060967
0.9992226116905708
0.9996818650076109
0.9975577043531116
0.9982569488868269
0.9948347669048309
0.9942746097873874
0.9909570660212407
0.9857823184639780
0.9844750008678474
0.9833208599788990
0.9740381272728955
0.9659815165593444
0.9519789481332287
0.9256178137373980
0.9357274928302481
0.9174667075727965
0.9207482732169460
0.8785521073909007
0.8558474222927949
0.8184009896979636
0.8144704584395420
0.7551130045036684
0.7582048317762584
0.7180860012279465
0.7316178074151144
0.6542626949707545
0.6425719610520838
0.5771150871513134
0.5466004132926263
0.4811532344822339
0.4338723690989492
0.3935240121669333
0.4136875433358657
0.3488192474158310
0.3077562896719995
0.3206750280530344
0.2310942371161734
0.2365196634222779
0.1741177507743745
0.1648368521021671
0.1409573725495797
0.1239306980112843
0.1055354946411935
0.0870738395499386
0.0777730951504087
0.0546137422896424
0.0400000000000000
1.0000000000000011
0.9999770480798870
0.9998485092219290
0.9990259535365716
0.9995137504394572
0.9992159691537564
0.9976450813828998
0.9971230927608932
0.9905112750021782
0.9866053207875309
0.9893904003123346
0.9736231230483073
0.9829806501118264
0.9586141908960618
0.9535779323403213
0.9442672237359476
0.9372271596228171
0.9253084532837845
0.9028002516481576
0.8947537911625213
0.8795886184318561
0.8192139245316165
0.7827200587697727
0.7968592355991123
0.8019915589130916
0.7578736731161901
0.6901341206741241
0.6524470458005027
0.5568653375193742
0.5906500643792963
0.5622433144287279
0.4942622782288977
0.4599487954288963
0.3807942281461095
0.3748798728016735
0.3270369736176285
0.2984449663378729
0.2997170688447080
0.2482637659089935
0.2550585498182978
0.2137515803598432
0.1683178475621356
0.1444514797153274
0.1352936843356539
0.1199533057581365
0.0928433583637090
0.0870928415222605
0.0716471691245620
0.0593977665479554
0.0400000000000000
1.0000000000000013
0.9999454878729268
0.9999068466709058
0.9992098811957922
0.9990601099128430
0.9989179998672590
0.9976673001074805
0.9968254735747026
0.9875459787727172
0.9906798014403845
0.9709024696915690
0.9792510612085118
0.9580905474483149
0.9411356437012223
0.9473136729888719
0.9482076948221841
0.9004317362644216
0.9078074455349012
0.8676375360037636
0.8487881800737690
0.8225108727369774
0.7816723019056777
0.7502584610789381
0.7834618759444447
0.6891389816457140
0.7065105925046327
0.6339647569518830
0.5878526386842022
0.6104351933164520
0.5174169196337483
0.5347418511181531
0.4629411503905660
0.3746458278351648
0.3731640596098080
0.3553191841578680
0.3040661680824661
0.2857832173115901
0.2415319865671193
0.2167366108664508
0.2011279124039571
0.1883211140248681
0.1625125118342669
0.1340232571432972
0.1234979459208150
0.1089184773492827
0.0909150295937832
0.0868970416123129
0.0795913654975894
0.0584432149709327
0.0400000000000000
1.0000000000000011
0.9999753239255199
0.9998425013928158
0.9995866237352391
0.9987895585964682
0.9985195990758315
0.9933538157815065
0.9933664081909755
0.9869943971041399
0.9856899805953953
0.9787993522493219
0.9633952124166028
0.9606026702142179
0.9313879258648954
0.9357995682964289
0.9235162055649480
0.8961586145326773
0.8915028863191307
0.8778658840972047
0.8368416791390972
0.8108710977229223
0.7859262896614388
0.7389838937049789
0.7047405544561872
0.6613032256899881
0.6325199162031717
0.6495812723605572
0.5117222996635103
0.5639617450575847
0.4981180662971989
0.5247653122042786
0.4637439432721407
0.3922628731425162
0.3173550215321408
0.3179222437384925
0.2924165389298897
0.2629398129799241
0.2274412531339600
0.1939672813380403
0.1739265394025478
0.1548463612044846
0.1523433495510123
0.1381255959938059
0.1200690899122388
0.0991679129760585
0.0935276386464689
0.0729299398337010
0.0681026314340393
0.0537352661729298
0.0400000000000000
1.0000000000000011
0.9999970536157466
0.9998470644366247
0.9991417295312239
0.9972179876541135
0.9950647438472634
0.9926062906351799
0.9915462901861307
0.9860917604724400
0.9835806626873626
0.9701075086511799
0.9586633423148851
0.9532553452152183
0.9456274843643719
0.9262054248420751
0.8851010206463558
0.8692666210328189
0.8376853027960507
0.8626391992116214
0.7738078457651435
0.7735003855167987
0.7412573959706782
0.6692386232163705
0.7091769981268358
0.6489041583280013
0.5821472723131784
0.5493533969644036
0.5102473444471709
0.5119517179312326
0.4233819820341423
0.3943906635171834
0.3761107921251255
0.3278328225599528
0.3002393279471849
0.2538326547477791
0.2778279562838258
0.2269327709054494
0.2104730773542793
0.1874145965269304
0.1700515724804912
0.1666862634153117
0.1411623541356861
0.1140343014245616
0.1209814922811403
0.0994349604250111
0.0913664210840310
0.0764984835494589
0.0699705918538514
0.0560474935818488
0.0400000000000000
1.0000000000000011
0.9999418951328810
0.9998067620690849
0.9996669153114265
0.9981612648769684
0.9936939703586823
0.9906624124779770
0.9923293235583438
0.9862225035119991
0.9645050482485056
0.9651093670968629
0.9558601434893030
0.9500514303740623
0.9276225204365748
0.8910651574799325
0.9092234783100376
0.8652662246294950
0.8294958755788645
0.8191801854844095
0.8026192094121850
0.7549933169615097
0.7403221939602322
0.6809359804297691
0.7428771660124933
0.5197187327749169
0.6241778453961063
0.4905987972430781
0.4472393341430102
0.4296726994439159
0.4333106445665753
0.3847685923866945
0.3803009821963096
0.3099537768307935
0.2914137676641606
0.2482828605777912
0.2583418364547949
0.2336010602878250
0.2081021921747351
0.1809161338924378
0.1652254950819650
0.1582818053091209
0.1521017212706845
0.1008439881304450
0.1130289383405485
0.0962803880615552
0.0881232034459797
0.0711716368659852
0.0595276152308720
0.0533382745247293
0.0400000000000000
1.0000000000000013
0.9999889643447324
0.9998500501416431
0.9995469665720192
0.9972646979260809
0.9973032614760112
0.9923398272034278
0.9899224552559618
0.9733141768917895
0.9670662325713127
0.9613501182734014
0.9541644391401516
0.9318274042449178
0.9112458421681787
0.8479757159003437
0.8651017985345533
0.8517006796761699
0.8070135245083655
0.7641371550969259
0.7763753962743042
0.6478952982081914
0.6465487794421055
0.6587179904038833
0.5832039382136331
0.5893993775368018
0.5176462742039266
0.5054954264546548
0.4542426664621715
0.4238543306788406
0.3729097448022926
0.3573087887844888
0.3149526424673454
0.2709037261138986
0.2393390333293045
0.3330513255445964
0.2212153003684667
0.2054881593104703
0.2013199371376834
0.1858370584948119
0.1445368367779775
0.1525814057132445
0.1348684803118659
0.1139921052154874
0.0993749342683765
0.0966409614634752
0.0907462816239198
0.0859786346174552
0.0651446029250514
0.0499448153192195
0.0400000000000000
1.0000000000000013
0.9999846457308388
0.9996250536578621
0.9987206092629666
0.9984254760308845
0.9941092796306020
0.9917807783108756
0.9861660080084275
0.9812699558572322
0.9626565108790214
0.9484999340108763
0.9506092368367647
0.9413659897983843
0.8984947458375190
0.8981900811284599
0.8991230285885791
0.8333155081952583
0.8152889099418856
0.7423224491502101
0.7066075763404397
0.6989829800344480
0.6528776763298623
0.5630204542323504
0.5564132783762162
0.5614459612735203
0.4821942729236113
0.4295016471451562
0.4105070938812721
0.3797794243899484
0.3938371726367760
0.3835052946434938
0.2959896427840869
0.2607915418719858
0.2370987922885776
0.2322487289695399
0.1991855009300706
0.1792109947609167
0.1663860635194930
0.1521500595841817
0.1421111096094409
0.1300612703279013
0.1176675362346321
0.1192898739516065
0.0984582453437425
0.0891138379837490
0.0884374287519857
0.0722467288394793
0.0640299671186615
0.0506276825135538
0.0400000000000000
1.0000000000000011
0.9999310877971890
0.9996983040678323
0.9987303874488226
0.9956349864923575
0.9932680710314383
0.9896831071085308
0.9877063839520139
0.9717708947838801
0.9592340293811258
0.9489674386380098
0.9460602034826184
0.9318994221867232
0.8742052620772056
0.8605747486134400
0.8607065641296927
0.8272154322115455
0.7642560104100663
0.7320277233643764
0.6467713075663415
0.6528128229254855
0.6037650594731154
0.5867123714516446
0.5180123251147467
0.5333040719506027
0.4255627683521601
0.4929968617428045
0.3736923601214761
0.3609653762116878
0.3066686146505362
0.3068919437794541
0.3173196874667013
0.2365960477472937
0.2362215383738865
0.2301389060262749
0.2189599974004099
0.1812281906925008
0.1659967133356464
0.1485316831600745
0.1291256155809228
0.1286298491422034
0.1133681406805373
0.1144462005941598
0.0941128448165825
0.0834675744935166
0.0828931792078946
0.0682646022754151
0.0647334254466291
0.0579362289896800
0.0400000000000000
1.0000000000000013
0.9998299271412038
0.9998805601105749
0.9992257833446836
0.9965796599347013
0.9960254006239647
0.9856449270680714
0.9808563630675593
0.9796127563009289
0.9453415433786603
0.9287160569943909
0.9264124192963058
0.8922892560457625
0.8730642357257155
0.8316254438702979
0.7898384940615966
0.8034938145817693
0.7714091237805114
0.6950016493441739
0.6962986599279521
0.6521484385848351
0.6274638990541702
0.5398452377090953
0.5688269216340104
0.4501409503263378
0.4147079706293371
0.3968697087655454
0.3574082676750518
0.3636402351760976
0.3043465107588094
0.3132407672263613
0.2810555170274822
0.2433158774081562
0.2101353335030610
0.2225931921147684
0.1790941612965828
0.1916840046325752
0.1810862442407482
0.1552956853016099
0.1332795248630749
0.1303627533024610
0.1234773287228421
0.1088607066118048
0.1008540381270749
0.0899818589564245
0.0796596427360905
0.0773073613666622
0.0674237018302611
0.0499364196881848
0.0400000000000000
1.0000000000000011
0.9999799863558790
0.9995019483981382
0.9984592916530253
0.9940578325638753
0.9937984694777026
0.9873022004072849
0.9815440859927068
0.9718020285484089
0.9440503063196808
0.9409894567073833
0.9068731274441983
0.8799372799090180
0.8640169760535162
0.8432051210672382
0.8281556156894379
0.7320246239916395
0.6935343176879093
0.7073422525243191
0.6486545938464063
0.5993356750501440
0.5869752392251497
0.5430528202251360
0.5011562255933495
0.4919186411216869
0.4053648982865756
0.3940838066379902
0.3119748615152421
0.3487023694445435
0.2984294787438155
0.2870731490087144
0.2440130125813149
0.2284400541954066
0.2035134820541490
0.1779381124525479
0.1811368491095868
0.1630461830239928
0.1503169740266282
0.1563717672276060
0.1285457869128910
0.1260447193813452
0.1019648194747453
0.1022591918768608
0.0913253362130760
0.0855426546072849
0.0756865782829401
0.0709457344176139
0.0623677538955904
0.0523091935581317
0.0400000000000000
1.0000000000000013
0.9999715968402307
0.9997223836241339
0.9979694363746682
0.9951419927475856
0.9926109894589453
0.9786650771511350
0.9747497668265461
0.9594212787198096
0.9545513566318951
0.9208786221271597
0.9229052993813034
0.8706146391450863
0.8426440035004360
0.8201231483885394
0.7721919626661499
0.7953665706452989
0.7157678007834986
0.6349330963383394
0.5723985663070124
0.6417951149561008
0.5480222293239126
0.5222976058846822
0.4131948474177205
0.4168687804728147
0.3474997664491631
0.3460704503810191
0.3251680882099145
0.3093141010789517
0.2489999458148415
0.2847401537314227
0.2305487609364266
0.2397117512940826
0.1921113926552294
0.1857438709836541
0.1913220645172496
0.1543730715502362
0.1651684519340840
0.1332717905844336
0.1281985003278053
0.1111443639557572
0.1072212259090699
0.1094135825714299
0.0895367747507595
0.0838819716465700
0.0754965051116118
0.0615028304622412
0.0610780844378413
0.0556745017325747
0.0400000000000000
1.0000000000000011
0.9999696269410607
0.9992365175992387
0.9970294322967087
0.9957623738953468
0.9925034915130435
0.9762323581114072
0.9699854755159700
0.9756557834807396
0.9528049932132721
0.9178864778815080
0.8884803235644597
0.8433719039393291
0.8399250437230606
0.8103513635912258
0.7699413017389588
0.6698159845732000
0.6724202180326049
0.5973563157735456
0.5597114300983851
0.5633089322045026
0.5102167088087282
0.5312887785398089
0.4747945013766374
0.3968965051657957
0.3696334441499983
0.3364181697658386
0.2692354022150781
0.2607505617533739
0.3064104493659351
0.2333380936425904
0.2210635981822190
0.2301959037687192
0.1904260769479239
0.1838319408645343
0.1541738329580719
0.1542634519114926
0.1485755929283860
0.1353610278894474
0.1287757846473310
0.1251016192900773
0.1101273950530325
0.1015135447089359
0.0955356989291764
0.0860638208209780
0.0826800882242399
0.0685846312470828
0.0601093460494120
0.0494972752913501
0.0400000000000000
1.0000000000000013
0.9999006456866720
0.9984849706821118
0.9974226129195679
0.9967519521437913
0.9878885520576539
0.9806849224945473
0.9745763304295151
0.9429683967095429
0.9427215388830420
0.9177141641059928
0.8750421391939749
0.8483732422930452
0.8297631698700644
0.8292394102110511
0.7459033880021265
0.6861613799924245
0.6929210069086238
0.5976921682293602
0.5944736903823469
0.5000168604423169
0.5253399184465065
0.4269522763284276
0.4589425016197000
0.3871173328016276
0.4030062106850508
0.3290539915922275
0.3232886818838897
0.3087024712045595
0.2493147775597326
0.2661431995713504
0.2236757566270230
0.2052514459107404
0.1795227213880733
0.1767966192632152
0.1534457582060190
0.1502799986685555
0.1295951074113539
0.1232647682085701
0.1226055001203150
0.1189214163075141
0.1120555467588679
0.0986846408069648
0.0885496984368571
0.0864671258149503
0.0820259208856668
0.0644407214966047
0.0624473729822611
0.0506231841894590
0.0400000000000000
1.0000000000000013
0.9997940862667738
0.9996992086214620
0.9980185150485594
0.9919580752038401
0.9897467730076392
0.9793920287986603
0.9596796784707639
0.9411172300452577
0.9128612124476652
0.9149236849845637
0.8722155276488246
0.8436683202098245
0.7764531353322196
0.7289184832390305
0.6644692551544155
0.7414494220105368
0.6347721299022601
0.6472791087582656
0.5047696385726588
0.5199110401438222
0.4589713367801803
0.3644783577285866
0.4148110516561394
0.4085905041728632
0.3646613413624788
0.2872486685827057
0.2976944238623235
0.2727079744667177
0.2618431846175239
0.2311196768681154
0.1987418590576122
0.1960954588107783
0.2049899540364555
0.1630113105805307
0.1642372736209786
0.1447561813373892
0.1383425878169815
0.1227414407124208
0.1076762705053943
0.1287369855220696
0.1060151480773464
0.0910795389028029
0.0810177371103456
0.0801039119040482
0.0741686278265152
0.0662818160841524
0.0605553152096318
0.0506297434088777
0.0400000000000000
1.0000000000000013
0.9999252915798236
0.9981316843538508
0.9983675378865954
0.9918204332723464
0.9837943804368895
0.9737830548975691
0.9639621200997083
0.9411670200504809
0.9228870516015992
0.9041611369096370
0.8390145425040954
0.8167069587937077
0.7737200537047179
0.7256505758875209
0.6962077456315648
0.6371264311161805
0.6812905004370410
0.6192591449215268
0.5534296141714828
0.5071576843687154
0.4654453402491764
0.4675039439841124
0.4178970833487869
0.3393623098078111
0.2915757529830720
0.3222164869538439
0.2670417689972192
0.2575467270352816
0.2627336331233491
0.2232632870120672
0.2094296174824120
0.2074610416071556
0.1693970190630510
0.1840092729075898
0.1424296602634063
0.1442208960288523
0.1301423560605494
0.1222851106002062
0.1090886847984201
0.1113205246161221
0.1134675741381381
0.0963893688370973
0.0808408956056662
0.0801012910086276
0.0705794967717687
0.0620920964310839
0.0567833194300799
0.0495540102379282
0.0400000000000000
1.0000000000000013
0.9998984510929079
0.9987207932797374
0.9974930739784922
0.9940063275180511
0.9846659969658219
0.9687817091650059
0.9482366318354396
0.9492245423438475
0.9037623681866617
0.8771520042669630
0.8776154895005860
0.7843613470664479
0.7497944977386994
0.7231706440439037
0.6846017446432446
0.6642687361886688
0.6097776381936508
0.5185391996735157
0.5642335955730898
0.4986924976023807
0.4665483390657900
0.4232759629366153
0.3986401753618988
0.3574795945605508
0.3230538537485879
0.3144042816087854
0.2624108745353165
0.2431404186786870
0.2555824741028794
0.2181933184753495
0.1824595158387529
0.1726294883085498
0.1578015629112667
0.1723566691530228
0.1730101165815516
0.1193021307929657
0.1373773105580981
0.1298348200343228
0.1106699477514612
0.1128243991996229
0.0965630876254584
0.0819304373029580
0.0882089226541432
0.0814206367862895
0.0713300290036517
0.0665824249923948
0.0613067539449355
0.0506936555881594
0.0400000000000000
1.0000000000000013
0.9997666013724326
0.9989336233440285
0.9969722378386769
0.9895611722333439
0.9799891492237764
0.9671006685356396
0.9576875808253097
0.9147298395853490
0.8991708585729917
0.8417732392562169
0.8189221996802040
0.8099936102476496
0.7507951841514249
0.6964697373172192
0.6831106080516082
0.5921709822907741
0.5611179539299097
0.6025323150377780
0.5368580843708579
0.4066391829676692
0.4277141195970497
0.3880545450892678
0.3834721083492675
0.3513703061483192
0.3376487788199343
0.2878339576585882
0.2433562333190390
0.2283723334711087
0.2310011464521403
0.2292209344346909
0.1911557658740163
0.1859187054078194
0.1669536117414156
0.1478760247080297
0.1542259135595797
0.1365950547461665
0.1293650236365330
0.1237107519265394
0.1035549169463451
0.1014279939665087
0.1037095354673536
0.0941927598390341
0.0775605909909142
0.0776387534952033
0.0759205543097588
0.0616786044413625
0.0590856291013595
0.0494457583055230
0.0400000000000000
1.0000000000000013
0.9997158041717419
0.9985450856461686
0.9964516109626504
0.9896604657999621
0.9870171055883998
0.9700371547327170
0.9592823112244757
0.9206133643727943
0.8916793150257504
0.8662016531785428
0.8231126689584463
0.8126131483833152
0.7251221883024503
0.7153589113923312
0.6912740863654697
0.6208108216126493
0.6141224806613329
0.5563255030643303
0.5381227273668648
0.4109525152782747
0.4445642110288121
0.4079566579977110
0.3732277594899335
0.3185404812048055
0.2955772119540701
0.2600369933690788
0.2517343897044466
0.2413271108550494
0.2129220721946453
0.2206239074485983
0.1983539240313846
0.1758509438014187
0.1614503899138689
0.1439161020480932
0.1378121287381421
0.1289414807135433
0.1264942098604183
0.1151629426512819
0.1083760482293597
0.1010551274232797
0.0951642158253922
0.0944933201775508
0.0796461594013748
0.0753574373349573
0.0650031216522950
0.0647623905204302
0.0597853762246619
0.0488100550842656
0.0400000000000000
1.0000000000000013
0.9999415622481929
0.9978178126546711
0.9981730372510146
0.9919303402061037
0.9857791466759555
0.9675268198999972
0.9609778363117681
0.9269751222334869
0.9010837405704087
0.8622515481438409
0.8155518850772611
0.7832418002487664
0.7369162869355580
0.6622770920378320
0.6758119589663850
0.5792506535524680
0.5680812727418540
0.5194307404286882
0.5042570633327390
0.4394817134118540
0.4197727018549829
0.3784898128075007
0.3429995190074510
0.3167807373102086
0.2898701615684553
0.2558482916452544
0.2566380147694490
0.2540838650047814
0.1924597041961244
0.1998476475339484
0.1673622198999427
0.1733231517417748
0.1695788358719484
0.1374921947543232
0.1338069741336684
0.1350337074502409
0.1209767623708336
0.1158137647562477
0.1044646642764722
0.1018503408163596
0.0976150501808435
0.0843009786356718
0.0765636251918250
0.0772675646944922
0.0704554598334285
0.0598940621068016
0.0635612224275436
0.0466853292528519
0.0400000000000000
1.0000000000000011
0.9997345379064382
0.9988170753221951
0.9976076355207829
0.9906150504377746
0.9796633306256839
0.9686658847309182
0.9384902316349073
0.9275552139561702
0.9094170161235039
0.8537053218447785
0.8060009769212042
0.7611979582265628
0.7278198091804545
0.6904474267044730
0.6161349114398578
0.5624741542932383
0.5251353466239891
0.4798273278558748
0.4578786395110063
0.4362716643760600
0.3970770435922919
0.3549784982103136
0.3510041643858284
0.3525304993242909
0.2548086651524404
0.2485134083660489
0.2379272222374731
0.2000769782909444
0.1818651699665495
0.2060957326575834
0.1658124437642353
0.1730809259575583
0.1604104967023081
0.1646950800132148
0.1478007906639489
0.1245616130508913
0.1297736702048373
0.0983402288469961
0.1046074407708341
0.1044944666755810
0.0952063862764976
0.0873946858613471
0.0800824994883121
0.0743203265049837
0.0616827166068457
0.0653072658839423
0.0562115577657151
0.0494459658257423
0.0400000000000000
1.0000000000000013
0.9998894578287226
0.9993648490075124
0.9977882869135775
0.9928426308339364
0.9787898389127234
0.9628380529545685
0.9386278273791723
0.9162575358643521
0.8779654215430271
0.8781124654788696
0.7941011308883491
0.7828412387960594
0.7133676878361612
0.6396194190601530
0.6745118368600010
0.5648823412528176
0.5104002897430425
0.4998725005926778
0.4744038332453341
0.4075953744935472
0.3866680068136406
0.3425072421674905
0.3059184065409657
0.3318604649729016
0.2640255062289067
0.2444235701773537
0.2214807490449326
0.2194429559750069
0.2129452089287401
0.1970950405773925
0.1696057917770639
0.1611232539176481
0.1496253282415557
0.1414149298659049
0.1427329175968755
0.1259121060494648
0.1239972182128946
0.1105012178046595
0.1004215443668374
0.0956585303564868
0.0970681525139670
0.0893902998688011
0.0722591979541364
0.0770399262653623
0.0658732691819745
0.0598524004241713
0.0593613899899516
0.0471835367115590
0.0400000000000000
1.0000000000000013
0.9998629668625110
0.9987142149022236
0.9959935309395005
0.9877058584399383
0.9769876998378346
0.9568167664946294
0.9537316624959934
0.9112656832854759
0.8526266011021468
0.8776532100850095
0.8162570326505664
0.7899882846209370
0.7104955171155956
0.6582700638069701
0.6002098260266152
0.5483597452910017
0.5578964203596803
0.5035297353005783
0.4788109469529345
0.4120721793940454
0.3834577409217853
0.3388124926143263
0.3170164937953571
0.2960197314018620
0.2781558611278495
0.2744461411554207
0.2261886730195379
0.2163554674726884
0.1895783951404454
0.1815599604212539
0.1571220381004033
0.1633772626348777
0.1582862319402026
0.1371269688452478
0.1380094361387213
0.1309024494559484
0.1185491871394759
0.1084359210301531
0.0958334732999633
0.1006457908093953
0.0829479420943817
0.0899961233705767
0.0858662174290263
0.0795126443225353
0.0734830239201725
0.0622805653531670
0.0533990604561565
0.0459065239738073
0.0400000000000000
1.0000000000000013
0.9999595665444072
0.9989529261208191
0.9982399315969344
0.9896459887460255
0.9778733655462252
0.9563930925655508
0.9452179608962193
0.9118191569229899
0.8805259674771969
0.8657708622932405
0.8289383591014436
0.7699477968675226
0.7135061437405840
0.7052573620370827
0.6379409578651914
0.5954041577636943
0.5366779735807845
0.4612003310793560
0.4652492880607524
0.4662580195901344
0.3752140351122949
0.3552484930574228
0.3167211112804029
0.2808501621245973
0.2398324200901537
0.2346591641555636
0.2599323982314793
0.2090775598462656
0.1854587538607896
0.1758894759061247
0.1696777922769065
0.1551471372501104
0.1458131022751245
0.1443747554227475
0.1472398821951804
0.1231697286315591
0.1215528241167794
0.1007030878214592
0.0943052877062541
0.1109602717193347
0.0868084212595892
0.0864612711143525
0.0770406003365208
0.0670236446520398
0.0689449281545580
0.0665490383780955
0.0562396190735789
0.0488003930662143
0.0400000000000000
1.0000000000000011
0.9998863544188432
0.9993279588380212
0.9948092795820920
0.9828799387033075
0.9881088550624963
0.9597966456249623
0.9252545931069094
0.9042535522880608
0.8661800654472893
0.8508160337050938
0.7698873991557489
0.7482999011076469
0.7524792372536839
0.6487498761785521
0.6430515753258383
0.5209224925389454
0.4645951565569560
0.4924315419465409
0.4607858888466997
0.4092800472242614
0.3628788936032280
0.3358847537619596
0.3192703764492505
0.2969203336170302
0.2514347054220589
0.2509754063188570
0.2362556810519375
0.1886505550804514
0.1831101842114997
0.1967090882621239
0.1685080268118343
0.1627690190054220
0.1500355822848228
0.1333662927191268
0.1395774324293725
0.1181434608550559
0.1165387351783777
0.1056900459545197
0.1007558806354688
0.0962507440820678
0.0797269115972788
0.0871370440567925
0.0741251070365956
0.0681139476538609
0.0711464485438184
0.0567060433226142
0.0564014460693178
0.0518172391807146
0.0400000000000000
1.0000000000000013
0.9997754665492008
0.9984414729835575
0.9956987857469245
0.9900973490176249
0.9813618937900253
0.9588649849635368
0.9373082805266657
0.9140455396508290
0.8745503587926213
0.8249782105488697
0.7935959971114324
0.7434284210481742
0.6873100606585759
0.6659790037723144
0.6195660187134049
0.5550580066900653
0.5096755889127070
0.4559523522455010
0.4217973638858875
0.4264254210442773
0.3534491448387474
0.3189409551831869
0.3181234836511664
0.2602046161837268
0.2787803070363487
0.2398875564399180
0.2199240762072000
0.2019599781776694
0.1831017091333831
0.1821559861135559
0.1584913544687007
0.1568307260197196
0.1473895807421153
0.1493978174993166
0.1310662956487432
0.1194402952673458
0.1093006865065909
0.1076578398660178
0.0882178458125242
0.0929081212342240
0.0895052408719341
0.0790990577543841
0.0852664248219475
0.0710315764078484
0.0601118305023956
0.0582825979175118
0.0516070137294495
0.0494831521289421
0.0400000000000000
1.0000000000000013
0.9999095854069593
0.9995075649799056
0.9963142034691773
0.9876463538708117
0.9825477363310487
0.9481634367770569
0.9454773274516088
0.9089958086910369
0.8692214401426964
0.8160797355398555
0.8016803625795024
0.7260809867828634
0.7109299518779796
0.6674476374265725
0.5703451658256755
0.5375452201479639
0.5341215282415324
0.4300861460318026
0.3945224917851033
0.3996627639300902
0.3580560476285922
0.3386615158010450
0.2923959109265978
0.2860704646631842
0.2432180253645878
0.2297658603417302
0.2213655473231666
0.2077837117540888
0.1643222794256022
0.1926829495261752
0.1711496800127828
0.1529208579209324
0.1355605905244105
0.1397191945589677
0.1193499650228986
0.1274603252003245
0.1137616517188652
0.1068364417461036
0.0977080492121180
0.0954544081101494
0.0903521338899078
0.0822704376836357
0.0732974496256400
0.0751591025911160
0.0666415160594907
0.0573295557503711
0.0579007093877472
0.0503745006834621
0.0400000000000000
1.0000000000000011
0.9999555891399369
0.9986567477786756
0.9924554561455557
0.9914971635254655
0.9779379225308710
0.9675457613603670
0.9366253080529020
0.9160951055712986
0.8993880743155709
0.8628766001989362
0.7733081590406508
0.7399825977283586
0.6944836077258799
0.6490098673501737
0.6097168327682825
0.5606040645692242
0.5241786784399496
0.4864346797498987
0.4535488496329296
0.3766939262644220
0.3839567476860509
0.3299140711706488
0.3058815020041121
0.2780036675021688
0.2276401496941143
0.2417112591100421
0.2042771813057110
0.2116762145207350
0.2047443293308573
0.1668794950954984
0.1728623788430934
0.1409539457823515
0.1470149519740448
0.1446573279531345
0.1260772846080871
0.1249337228513115
0.1139508461197717
0.1104754784314209
0.1054125987158806
0.0844119225238737
0.0884831519986665
0.0818167231111407
0.0773009617726580
0.0672122779051534
0.0707599623993879
0.0608155748791651
0.0543119589461112
0.0491969216345991
0.0400000000000000
1.0000000000000013
0.9998245649645778
0.9987309567427479
0.9959905918933144
0.9840055842681835
0.9741826873752359
0.9684075282738636
0.9374880832572653
0.9065745019917097
0.8672067087758676
0.8519595406688135
0.7896956670506071
0.7235947521902396
0.6625092351691853
0.6774052638326343
0.6395062865808501
0.5743899846728451
0.5071600718951430
0.4489210097497806
0.3981429124562310
0.3577418681112520
0.4021160917847714
0.3261173395864949
0.3180935215408973
0.3091258155475655
0.2416359929610383
0.2602458098619039
0.2010599817968309
0.1874688775642075
0.1758433541134617
0.1862476755105212
0.1610305806472487
0.1452924125310642
0.1555214510073341
0.1405614165091542
0.1249842703426978
0.1206968576182547
0.1036426972625652
0.1088384970012781
0.1086931158301830
0.0923096893952531
0.0922662293266491
0.0806197516060815
0.0788364823839256
0.0677153419642745
0.0636217723157800
0.0593051062476789
0.0522133711072343
0.0499221682186461
0.0400000000000000
1.0000000000000013
0.9998124253661939
0.9991938011141320
0.9976660506102043
0.9868984255442954
0.9777274222986723
0.9621369696780688
0.9511479408533361
0.9080693135720047
0.8638294226674413
0.8342692011744495
0.8212782778607353
0.7139376288412200
0.6690622948470201
0.6432536815176780
0.5963622452682418
0.5450589456678776
0.5612088850153155
0.4496737490955499
0.4231926109346706
0.4061837613422700
0.3444098392659335
0.2926222741871978
0.2696252552816653
0.2799410689187263
0.2425053396174993
0.2222509132822110
0.2261752343814243
0.1997192002603217
0.1864156804079212
0.1793723536791718
0.1529469997627472
0.1487076323930154
0.1479525821300454
0.1367803498769772
0.1314579367692300
0.1157678418734347
0.1169310134004431
0.1071146253948201
0.0991427608555384
0.0958886079722883
0.0837784021961276
0.0835196119831762
0.0801660053298413
0.0751981238636334
0.0698749705706048
0.0628070885294197
0.0589006010119418
0.0495947250398113
0.0400000000000000
1.0000000000000013
0.9997754511438657
0.9985169755767285
0.9933627458869970
0.9885164556437801
0.9744025118202568
0.9493589186789219
0.9351473278418665
0.9163737633766607
0.8603361717253797
0.8432952927474844
0.8230987478069774
0.7505965500946570
0.7393692128145334
0.6580252656356111
0.5866478139976967
0.5267500955509232
0.4878143934436623
0.4408053231402696
0.4305635556521920
0.3668733446807613
0.3268006351899147
0.3374687651624287
0.3168158579821086
0.2560998847932719
0.2791998108447871
0.2152742140949479
0.1976391963183941
0.1916027012086289
0.1906555888172898
0.1855621543700931
0.1605662732601366
0.1503091650454143
0.1505365091866176
0.1406797361278992
0.1256006417689506
0.1144454438985772
0.1070385133707583
0.1038597266509193
0.1002401557440471
0.0938248119181616
0.0809215727667650
0.0799013180149784
0.0780664916458107
0.0744107599281272
0.0711554065926015
0.0665540748504295
0.0499491190357310
0.0500811012269397
0.0400000000000000
1.0000000000000013
0.9996238230927522
0.9978744377863206
0.9922879359981854
0.9920398548103330
0.9780529419661879
0.9609823031433217
0.9369896623071911
0.9003830406959178
0.8573923092140935
0.8269447494217391
0.7886675242484205
0.7355222029165455
0.6923257873374596
0.6335245984329517
0.5755758254731208
0.5363563851345128
0.4773700048771630
0.4662487269661498
0.3995551778079769
0.3753865947492266
0.3405595104837122
0.3318914507696131
0.2774353382759152
0.2648845230920665
0.2650059983034702
0.2246370149899082
0.2114212970599741
0.1931800288194894
0.1801338372459884
0.1777493488852410
0.1778179843081446
0.1437239663733631
0.1363714240182306
0.1381929996758000
0.1207035567952568
0.1135790873701279
0.1154810284650288
0.1050172700671581
0.0967083483725066
0.0894089724447053
0.0946669033410554
0.0793608362413340
0.0824563467994146
0.0680610150835058
0.0662097383420120
0.0555184961043766
0.0514245904232444
0.0468976922476674
0.0400000000000000
1.0000000000000013
0.9998995506947016
0.9983842222963268
0.9957888140991352
0.9921598170839825
0.9772674744387780
0.9657304201897431
0.9261377429530260
0.9220872054433807
0.8614534924426152
0.8339776657664953
0.8145016642612165
0.7421832044667199
0.7062625899561673
0.6639868033394002
0.6532633087638624
0.5172166621674570
0.4922678290572756
0.4550925291076708
0.4036893031175954
0.3743661907701593
0.3472311662907209
0.3082765601275324
0.2915339904886438
0.2464644932625490
0.2643656662976523
0.2169723507574624
0.2158285046997521
0.1980616358373721
0.1786416240119601
0.1982875105042763
0.1681854980884283
0.1495585881856740
0.1325044096701430
0.1318940151178075
0.1164518133746421
0.1132030880966382
0.1211657317780036
0.1203273799413316
0.1036292196540804
0.0901038321498232
0.0871077297777393
0.0831164534725599
0.0712145024502999
0.0813670283727637
0.0658311488744616
0.0586461146185713
0.0536252986952234
0.0466672630120231
0.0400000000000000
1.0000000000000013
0.9997584512268350
0.9987910995106922
0.9962707724666074
0.9861408069554076
0.9761935595832488
0.9563408015179866
0.9382112175933524
0.8892466295099707
0.8745054585438825
0.8129766768367832
0.7738302495690422
0.7226280688486170
0.7275507361452532
0.6349074473943581
0.5542352678693702
0.5740401612920841
0.4998888749094536
0.4526371633444266
0.3773187789912013
0.4091986149057083
0.3586669249494709
0.2986034503256737
0.2924346658567672
0.3027739746871355
0.2839440176552024
0.2343434767410913
0.2397512095990013
0.1996790024688168
0.1899330630797180
0.1828499438314358
0.1576328433280197
0.1505152498952289
0.1495867461776831
0.1484719528177877
0.1310768371066960
0.1158974340501216
0.1171771863723841
0.1062350531454698
0.1037500734292163
0.0932645147989813
0.0783611443030344
0.0793722154533971
0.0777113002806942
0.0676267281976902
0.0732509660171114
0.0560548425801455
0.0523143145129073
0.0469015061532237
0.0400000000000000
1.0000000000000013
0.9998753660923508
0.9971245703640189
0.9938104420217724
0.9924554264387571
0.9826654733940503
0.9525430849668887
0.9319129739631740
0.9203393832576641
0.8824697979358537
0.8652762840689633
0.8003466830519765
0.7399619937581906
0.6962078990336090
0.6197949992550420
0.5830935752976764
0.5271159441362776
0.5008522473000286
0.4577302617073684
0.4029409612996451
0.4123322615174461
0.3246130510132194
0.2957480985567132
0.2989671375603217
0.2726799211341167
0.2532417825964958
0.2346087421470313
0.2207327695109452
0.1893203472769116
0.1767698805812239
0.1688760367570774
0.1641452594320164
0.1628671267462088
0.1410614365457403
0.1482699527887128
0.1240719832713816
0.1193727032594777
0.1030662332103014
0.1235073566536247
0.0972294308199612
0.0901645160696146
0.0914823890429525
0.0997459715379385
0.0759397439613467
0.0745001199238566
0.0672512388897990
0.0591228517699624
0.0578147259473301
0.0488450682743121
0.0400000000000000
1.0000000000000013
0.9998507397043220
0.9988634308740393
0.9922888841200376
0.9894578154792663
0.9725514830986338
0.9675926705601237
0.9338673179615158
0.9115520243449680
0.8756963644006306
0.8151491064471077
0.7741636481464261
0.7463283245843062
0.7015980930986082
0.6208010272300196
0.5938766999554719
0.5653360154833250
0.5118079817766340
0.4505216790419999
0.3982879123999993
0.3569187677593924
0.3611560264981232
0.3238130407589108
0.2889156925167988
0.2373739959337317
0.2600852246534746
0.2275236120819844
0.2285285151109101
0.1964359435672870
0.1799040451193912
0.1620908740618234
0.1647018395475358
0.1397307325960169
0.1576322572607801
0.1244314897460792
0.1295997302908503
0.1197581796482392
0.1061252610962076
0.1001397276069102
0.0957591948576291
0.0913202173231489
0.0833251519874949
0.0810911042525207
0.0790522351227758
0.0730589372692918
0.0690918067857290
0.0599413782911013
0.0570896158701102
0.0460131618018537
0.0400000000000000
1.0000000000000011
0.9999516595096081
0.9985881548205554
0.9967449208369681
0.9849171030710816
0.9703597971439186
0.9595077707315013
0.9192191964307885
0.9082427421206326
0.8786579668481111
0.8125882783741294
0.7565274204453083
0.7722758803802188
0.6816704700488196
0.6317102987982960
0.6223372394719305
0.5213633715552671
0.4325864810574026
0.5070361326527374
0.4387415524772950
0.4025590567205101
0.3603870430621131
0.2968679948458610
0.3030262147904055
0.2718430919650127
0.2476810755430618
0.2424538917452405
0.2140915043660259
0.1914155786712822
0.1896290016083907
0.1780028107578948
0.1623892845261922
0.1466480864262625
0.1430033776733332
0.1380108864513018
0.1231015970706880
0.1284375097344436
0.1075045092325168
0.1006657079123803
0.1036629820892532
0.0933862544184740
0.0775786847151368
0.0844899843596284
0.0785712885574788
0.0724446181322307
0.0675687716169641
0.0628578605803357
0.0565058853360724
0.0485048435190003
0.0400000000000000
1.0000000000000011
0.9997299176816216
0.9991901537979759
0.9960600514369641
0.9862864293540010
0.9791446816876657
0.9666441634158478
0.9222304362243626
0.9017105976365042
0.8681509482086081
0.8232919300429232
0.7980344694401514
0.7598781986557769
0.6851866751286527
0.6552290335782694
0.5668895118551996
0.5883601222627233
0.5398398078606123
0.5002573036381859
0.4083504500409231
0.4085617080138648
0.3726622948227017
0.3123847529963769
0.2885710155968241
0.2779296172337360
0.2584026819613189
0.2459356066380390
0.2033454358734954
0.2005410161461397
0.1733073992652006
0.1830770568373712
0.1565975996085666
0.1443554191894393
0.1410497187076885
0.1246270445249400
0.1165844291389408
0.1324067404464726
0.1025552324358329
0.0952998059591977
0.1001637686976372
0.0934490159300203
0.0904393313174440
0.0832307033718277
0.0791587605373909
0.0707986830911240
0.0663041544376899
0.0590015642715200
0.0528430528033807
0.0478576836207724
0.0400000000000000
1.0000000000000013
0.9997294242195426
0.9987104613129694
0.9955688369659013
0.9913786239995958
0.9740003022542010
0.9639127295489498
0.9272358783899802
0.9099828191786467
0.8663240504721409
0.8434380358034879
0.7864321384707021
0.7208978475469230
0.6577694108069808
0.6360554810855543
0.5901507816399016
0.5540872486465406
0.4815826369065228
0.4718032179543952
0.3735910279350571
0.4331161976858585
0.3385664878130072
0.3199438528067528
0.2836667224446645
0.2649395253452926
0.2585760544981280
0.2185182312139413
0.2139113027880771
0.1895846827841633
0.1968982099344206
0.1630677817899846
0.1643076899369707
0.1550320528902911
0.1399115679905289
0.1318559962608275
0.1262520127081217
0.1251555612135160
0.1192388126988211
0.1043983765092420
0.0976420566443338
0.0910288228390523
0.0862556998256813
0.0712723674080003
0.0854632031834916
0.0725243268966993
0.0697129036717813
0.0543959982712467
0.0575639620816487
0.0476566767950860
0.0400000000000000
