50
0.0000000000000000
0.0000000000000000
0.1282282715750936
0.0641141357875468
0.2564565431501872
0.1282282715750936
0.3846848147252808
0.1923424073626404
0.5129130863003744
0.2564565431501872
0.6411413578754679
0.3205706789377339
0.7693696294505615
0.3846848147252808
0.8975979010256552
0.4487989505128276
1.0258261726007487
0.5129130863003744
1.1540544441758422
0.5770272220879211
1.2822827157509358
0.6411413578754679
1.4105109873260295
0.7052554936630148
1.5387392589011231
0.7693696294505615
1.6669675304762166
0.8334837652381083
1.7951958020513104
0.8975979010256552
1.9234240736264039
0.9617120368132019
2.0516523452014974
1.0258261726007487
2.1798806167765910
1.0899403083882955
2.3081088883516845
1.1540544441758422
2.4363371599267780
1.2181685799633890
2.5645654315018716
1.2822827157509358
2.6927937030769655
1.3463968515384828
2.8210219746520591
1.4105109873260295
2.9492502462271526
1.4746251231135763
3.0774785178022461
1.5387392589011231
3.2057067893773397
1.6028533946886698
3.3339350609524332
1.6669675304762166
3.4621633325275267
1.7310816662637634
3.5903916041026207
1.7951958020513104
3.7186198756777142
1.8593099378388571
3.8468481472528078
1.9234240736264039
3.9750764188279013
1.9875382094139507
4.1033046904029948
2.0516523452014974
4.2315329619780888
2.1157664809890444
4.3597612335531819
2.1798806167765910
4.4879895051282759
2.2439947525641379
4.6162177767033690
2.3081088883516845
4.7444460482784629
2.3722230241392315
4.8726743198535560
2.4363371599267780
5.0009025914286500
2.5004512957143250
5.1291308630037431
2.5645654315018716
5.2573591345788371
2.6286795672894185
5.3855874061539311
2.6927937030769655
5.5138156777290241
2.7569078388645121
5.6420439493041181
2.8210219746520591
5.7702722208792112
2.8851361104396056
5.8985004924543052
2.9492502462271526
6.0267287640293983
3.0133643820146991
6.1549570356044923
3.0774785178022461
6.2831853071795862
3.1415926535897931
1.0000000000000022
1.0000000000000011
1.0000000000000013
1.0000000000000011
1.0000000000000007
1.0000000000000011
1.0000000000000013
1.0000000000000011
1.0000000000000009
1.0000000000000011
1.0000000000000011
1.0000000000000007
1.0000000000000020
1.0000000000000009
1.0000000000000009
1.0000000000000009
1.0000000000000007
1.0000000000000007
1.0000000000000011
1.0000000000000007
1.0000000000000011
1.0000000000000022
1.0000000000000009
1.0000000000000007
1.0000000000000007
1.0000000000000013
1.0000000000000009
1.0000000000000007
1.0000000000000011
1.0000000000000011
1.0000000000000011
1.0000000000000011
1.0000000000000007
1.0000000000000011
1.0000000000000009
1.0000000000000011
1.0000000000000011
1.0000000000000013
1.0000000000000011
1.0000000000000007
1.0000000000000011
1.0000000000000009
1.0000000000000007
1.0000000000000009
1.0000000000000007
1.0000000000000013
1.0000000000000009
1.0000000000000009
1.0000000000000007
0.5455695731826479
1.0000000000000018
0.9999999949412326
0.9999998164098780
0.9999950917794866
0.9999993529101170
0.9999991484807041
0.9999965020012302
0.9999893406813779
0.9999896538602830
0.9999905311020340
0.9999582799973881
0.9998547361543960
0.9999731173016143
0.9998946661496352
0.9999029935592632
0.9998089077145522
0.9996218941077339
0.9999292179333736
0.9999057925094884
0.9997720334213559
0.9997512076622145
0.9996738073559394
0.9984435401156183
0.9994864252279138
0.9992492820480053
0.9980859214589727
0.9975800331428982
0.9982950475741410
0.9982639633059498
0.9955615817175808
0.9934524432881062
0.9972231734213497
0.9942707897018278
0.9926373099322718
0.9948271351796124
0.9858050175161901
0.9864950251871506
0.9879157363942491
0.9777329879593522
0.9724453243916483
0.9696022990156724
0.9552935728967195
0.9244270800666327
0.9044766272049188
0.8814403776463711
0.7817255447501662
0.6485687733167275
0.4116093772272933
0.1425045883830994
0.0200000000000000
1.0000000000000018
0.9999994821004372
0.9999969328945877
0.9999586450486887
0.9999911352787896
0.9999913640801875
0.9999874793852492
0.9999837587934352
0.9999564859037618
0.9998668584607938
0.9998790785631413
0.9998478769460120
0.9998581304365880
0.9997776822311488
0.9991346710456025
0.9996481925109196
0.9986264662609216
0.9968504614005184
0.9968974395502410
0.9990667783207382
0.9954837426127250
0.9960929480995343
0.9975198915456854
0.9956235958595575
0.9940163982530830
0.9956174505005195
0.9948264587308902
0.9889581012821321
0.9829295038937227
0.9849915999868281
0.9872081563800384
0.9675629833492827
0.9778683052090800
0.9541944099963456
0.9559002508461910
0.9427928351849025
0.9337991988652468
0.9319027643410809
0.9201575779169925
0.8898033187272864
0.8796786517865443
0.7813445406900071
0.7266919656794597
0.6604109002693294
0.5593187585956360
0.3791604164548301
0.2230440709128133
0.1551388729622770
0.0694203000230625
0.0200000000000000
1.0000000000000020
0.9999999703106637
0.9999994064314776
0.9999975752443103
0.9999896440475147
0.9999834702602115
0.9999167907037988
0.9995798118187936
0.9995137297020192
0.9995898659026332
0.9996205655275568
0.9990195463951123
0.9983905545817269
0.9979549930894712
0.9982923313203751
0.9984523437973710
0.9974350866752750
0.9938709117512584
0.9947597771750735
0.9931961961873094
0.9932300713141698
0.9920022658458633
0.9900165506379262
0.9891161404741072
0.9928648053008189
0.9774489431774618
0.9736568631667167
0.9668073377751296
0.9701148679311927
0.9659403819080891
0.9438929916885460
0.9273566155214098
0.9295574494838602
0.9167433811887464
0.9049570581710111
0.8761518655276224
0.8679422318980454
0.8394416707413007
0.8139586132413372
0.7017223632103929
0.7108849764576056
0.6232528848178293
0.5540790761808126
0.4110219896174221
0.2998009932405287
0.2196472232158998
0.1537405193621038
0.0845034011361395
0.0520353533163355
0.0200000000000000
1.0000000000000016
0.9999947001484334
0.9999993018820146
0.9999257427955688
0.9999400006608054
0.9996303603700455
0.9998557998109708
0.9995245165947771
0.9984819260866841
0.9991868801730942
0.9988949343781686
0.9984293309262147
0.9979702863944339
0.9968835100124170
0.9952158279931776
0.9968538360180231
0.9946480553865790
0.9929098098687537
0.9901351739013610
0.9851029157654860
0.9809714712156570
0.9752777041494024
0.9793154401828197
0.9667857315956208
0.9690375905941400
0.9663392636537863
0.9468681336120430
0.9500226384397669
0.9193299152820317
0.9265624645167230
0.9127681029479571
0.8694544605182281
0.8894662535500383
0.8222984042717056
0.8202960434970202
0.7397508299499038
0.7433418482210410
0.7247283109497110
0.6233017099152582
0.6117910878659856
0.4922734686737972
0.4083137213141956
0.3301075824779030
0.2387709365122684
0.2233539897705125
0.1335404787176958
0.1027496920303575
0.0761406162832513
0.0517841930736786
0.0200000000000000
1.0000000000000020
0.9999998946905233
0.9999549804968590
0.9999594700152640
0.9999771075271443
0.9995273272650200
0.9994786715686260
0.9994440749609185
0.9992073395148282
0.9989736546206016
0.9988231386956092
0.9967154686057387
0.9957838904654986
0.9943222738910955
0.9932601767492082
0.9916989624312572
0.9834898382184339
0.9858855156483345
0.9838859875021360
0.9772113588084389
0.9708050723830954
0.9638964667082430
0.9520642629385192
0.9435483858569605
0.9257331448996529
0.9462862997757210
0.9212330961823628
0.8791679628365963
0.8738860194396668
0.8722199648285184
0.8466785152356832
0.7836957304789921
0.7671238793346514
0.7627698216423288
0.7168279726266381
0.6447736030643688
0.6162088749560688
0.5481297555865496
0.4465653741637736
0.4461794001039066
0.3621251046614892
0.3236669215339246
0.2503360906745135
0.1859445839091452
0.1629891734502490
0.1231051963884118
0.0902806317323681
0.0612337851290256
0.0495623414862396
0.0200000000000000
1.0000000000000018
0.9999998095976476
0.9999901575135771
0.9999860831035968
0.9999451952799552
0.9996016866038517
0.9995732194857069
0.9976070369677335
0.9973883199898428
0.9958069018830220
0.9926201954653218
0.9950165264228119
0.9919570469190995
0.9886728445221244
0.9872059845527784
0.9785694096644542
0.9842127339824494
0.9736192451743596
0.9694921141457532
0.9758747559842341
0.9410991877263317
0.9338683903267615
0.9452598627405446
0.9131967382704033
0.9182326010651753
0.8811757485756507
0.8485784698537376
0.8461997718122555
0.8363375087654031
0.8115055278571968
0.7499297662431273
0.7457167744884109
0.6725476621105151
0.6542716118210480
0.6176774093085516
0.5490474082853996
0.4986544044114768
0.4199243552484065
0.3994765513455902
0.3407268473559256
0.2927953257122274
0.2576242877719644
0.1926348714292960
0.1583461117223145
0.1187922534678954
0.0875634876475433
0.0695991530423044
0.0547528547809636
0.0402923499588895
0.0200000000000000
1.0000000000000018
0.9999996254463659
0.9999959513157893
0.9998115483420006
0.9996847173578431
0.9991976222751018
0.9994975177982415
0.9977143716082246
0.9980263955936061
0.9957140842260773
0.9900922143344975
0.9873302308629888
0.9870831401766790
0.9823334682661622
0.9854318775155728
0.9644672282618622
0.9642855955117724
0.9574718297186039
0.9538263857393863
0.9485438727259550
0.9154590189365516
0.8983795540351671
0.8771477602549564
0.8571118162991592
0.8791178044228233
0.8339817093521756
0.8324739477768102
0.8026824670772952
0.7237464027127061
0.7185313001183109
0.6635526905637352
0.6233551393846172
0.5990683804210116
0.5577479705089770
0.5079003006767462
0.4555615676561959
0.3719806339761095
0.3435523110092509
0.3043589663822298
0.2534640656032967
0.2194862504033327
0.1721518025979547
0.1422567814658665
0.1175600136466339
0.1072001348508320
0.0874081786603736
0.0626656090743400
0.0529809453227457
0.0386106569623153
0.0200000000000000
1.0000000000000016
0.9999989830734678
0.9999510526820707
0.9995008354075819
0.9990240414537663
0.9992935423529908
0.9989904553681858
0.9966179726498492
0.9970345512573515
0.9946662334028635
0.9948569527214717
0.9882246098014406
0.9832988974122712
0.9722013155634094
0.9714280854195386
0.9521792258098490
0.9561488923429847
0.9433178999301532
0.9399307031958694
0.9071265471825596
0.8608202513505265
0.8956212623438781
0.8463147672606266
0.8467430830386626
0.8193132497037644
0.8062382461160251
0.7663793249022416
0.7286854264959874
0.7177971606814982
0.6439149799969635
0.5934336395346618
0.5705394620879030
0.4779365734849657
0.4710441800602440
0.4405391789549478
0.3481791255894791
0.3246112264075312
0.2655926387308488
0.2187158184059972
0.2023769202542670
0.1596179172549546
0.1501908211071664
0.1316898417955632
0.1088503150851327
0.0934774044021554
0.0799798392540620
0.0568984179423434
0.0426502635671429
0.0389821084158696
0.0200000000000000
1.0000000000000020
0.9999991606911417
0.9999820772353456
0.9996822491228807
0.9991084680620874
0.9981794776105645
0.9975482800813950
0.9974190086881863
0.9937983880411514
0.9907083652978566
0.9843780975581961
0.9814666678545921
0.9673978300209628
0.9617105844541152
0.9731145021095360
0.9581421633621470
0.9383227496259490
0.9032598745250456
0.9001428119105787
0.8938748393535798
0.8703154333459254
0.8582400183735210
0.8268550473463799
0.8393893524109396
0.7488790326851880
0.7181439274117903
0.7083740403259633
0.6646873404297313
0.5990796148214944
0.6154353491150005
0.5811777694057637
0.4673748816816582
0.4394742540915155
0.3595544972552479
0.3640386341848013
0.2985256413678613
0.2740047503569252
0.2216026412816553
0.1801462228033223
0.1753845010507104
0.1589608990780212
0.1274292850675465
0.1084595227350997
0.1049674079702826
0.0796059449549107
0.0728191878163461
0.0499910906850494
0.0491298540864077
0.0371348824205163
0.0200000000000000
1.0000000000000016
0.9999975350788108
0.9999331985231262
0.9996373243518679
0.9980293226150013
0.9967919966717060
0.9939034139952758
0.9939698331573867
0.9919986381285396
0.9942799323063980
0.9796806078320045
0.9757991186774577
0.9583211007502270
0.9692115665007919
0.9338633794231813
0.9352687158447518
0.9112751116084791
0.8730091598809293
0.8804540174953177
0.8614196544415832
0.8389176893386822
0.7711108506840842
0.7555445032086235
0.7413749417034443
0.7434914173889234
0.6362594381898475
0.6515954910459459
0.5661853076515739
0.5356738082509440
0.5211898970925609
0.4638298746508919
0.3975496706739446
0.3895472237801126
0.3221091007946588
0.2874964066080051
0.2512858563636761
0.2413565368604002
0.1996442194989008
0.1764990627918831
0.1538103327001674
0.1248990691413388
0.1223781661667839
0.1126098267520205
0.0916321721884251
0.0703574879201844
0.0612401594425038
0.0549148365405017
0.0406977646832104
0.0331287608031979
0.0200000000000000
1.0000000000000013
0.9999968940185531
0.9999689600893820
0.9995005847650140
0.9994851583758600
0.9990413610895600
0.9946734002130975
0.9948807152249729
0.9932274867571336
0.9850276002486250
0.9766855339622964
0.9696329686335616
0.9575020532948195
0.9469815105663634
0.9288572120096911
0.9100521208890978
0.8949134489082060
0.8970066653134067
0.8365365113991413
0.8416805920380346
0.7787847012832521
0.7250052881424291
0.7100428106053609
0.7007186182556063
0.5985013523043360
0.5582156353870522
0.5698710768915268
0.4868444145611964
0.5013618284384513
0.4806817309686712
0.3908881592695250
0.3411459226217610
0.2863391834002001
0.2974705894893623
0.2485640138873602
0.2113685044680785
0.1977276509168993
0.1686541794285414
0.1653745989803502
0.1192841055180628
0.1196980913533558
0.0959924524741702
0.0948833490626623
0.0781197696730635
0.0744706397317389
0.0605157882359859
0.0479546827135786
0.0458445718367825
0.0318376016533897
0.0200000000000000
1.0000000000000016
0.9999958865440685
0.9999061696051696
0.9993139613101827
0.9986818136035285
0.9957923528765799
0.9967129919773976
0.9865144239146002
0.9806588921054249
0.9739088680908498
0.9804796455457059
0.9536842296910202
0.9670563004969521
0.9267715380327508
0.9356335881042116
0.8949049369129796
0.8695320577817415
0.8567954618906252
0.7833616214382337
0.7452727667381709
0.7250311452004459
0.6791124394078871
0.6739635167336775
0.6368408487259918
0.5836524738895974
0.5935477894661878
0.5623943299324717
0.4752715299592449
0.4155186370506325
0.4188777428411215
0.3676336679366471
0.2993961647113235
0.3166908400247200
0.2753836215605822
0.2175817661525986
0.2078638461277076
0.1783181161208248
0.1572996437017735
0.1337512699631938
0.1283084055545344
0.1096054810430257
0.0975661732781831
0.0860567332686107
0.0783978356606458
0.0676599642582975
0.0571760147122970
0.0498929661165485
0.0399898378745249
0.0329888401715136
0.0200000000000000
1.0000000000000016
0.9999966639290926
0.9995352330817207
0.9997304446438753
0.9987321360614460
0.9957909133375216
0.9919717930177518
0.9904386318939586
0.9787978778450748
0.9728598412779972
0.9658079484248349
0.9499323108769478
0.9393236290092627
0.9101342812059120
0.8676989300123216
0.8897970896727220
0.8055335672324853
0.7938762470225947
0.7741763665925694
0.7462211674626935
0.7299713119246170
0.6734145483738256
0.6169794501985839
0.5362431862742221
0.5521066494356054
0.5076614183138763
0.4887645132165617
0.3535045441183501
0.4148875294479294
0.3782435946739116
0.3545164261926886
0.2705591509524595
0.2530820372276745
0.2190797339173433
0.2153905242389383
0.1894429876105980
0.1659086790174624
0.1474367919993925
0.1165656655917578
0.1159137402859652
0.0992629024167199
0.0930304726981879
0.0896642516467744
0.0727083781808761
0.0657142851993646
0.0550568910226537
0.0488242242815372
0.0466914490419327
0.0299151437729558
0.0200000000000000
1.0000000000000016
0.9999584276507260
0.9999156062842677
0.9989516483664788
0.9961982402219753
0.9957225743969622
0.9902406786844175
0.9827400491484167
0.9700775211359701
0.9586060249789815
0.9514292279894511
0.9431594961848814
0.8814436719689204
0.8785845224390193
0.8657491599680180
0.8450338353815455
0.8200940920061349
0.7948833775191902
0.7648031624079134
0.7047446374645124
0.6820129183627681
0.6335978939402396
0.5851524123133245
0.5254347633792061
0.4606213554707177
0.4582110431544866
0.3969262083905278
0.3361059268581509
0.3293859922100295
0.2867468636282750
0.2842831087322146
0.2624755344278984
0.2110069760520871
0.1811178575659790
0.1757212270276818
0.1660625820750562
0.1520240603373934
0.1517637381639251
0.1194174497760771
0.0957154942870196
0.0998566261994208
0.0869164273024491
0.0793805543405690
0.0689933902839642
0.0534140394747269
0.0523377331634155
0.0424728900843733
0.0375535135777601
0.0293947073259782
0.0200000000000000
1.0000000000000020
0.9999932853039240
0.9997178558776844
0.9994194444094456
0.9972231304087983
0.9937167058408461
0.9894234682436154
0.9823100947716209
0.9767306858260828
0.9549357196294436
0.9496797162325515
0.9214466284409358
0.8951633996538830
0.8579504081423273
0.8311829435149592
0.8203642107272858
0.7490698047346656
0.7076618708558210
0.7306751768848729
0.6651107548708869
0.5850772786357243
0.6066753573245295
0.4779277430331604
0.4893990283908923
0.4893096747378540
0.4272482830492964
0.3404933701060222
0.2953732526003094
0.3203439197081137
0.2804827954593935
0.2650852886720525
0.2249652887087963
0.2080503858021296
0.1744973998410306
0.1818206249093543
0.1591363413738002
0.1414776714582477
0.1223827546732549
0.1150600637255296
0.0894953334113909
0.0933199815312891
0.0827126264342173
0.0737114693690168
0.0665848130547213
0.0575722072430394
0.0537299831979963
0.0452842342026095
0.0373699263132791
0.0303609691747253
0.0200000000000000
1.0000000000000013
0.9999813153279137
0.9990111943870343
0.9991306953739697
0.9971503279865159
0.9896297795659494
0.9864937259493066
0.9789966236827431
0.9636258440490660
0.9296208536450405
0.9303440970058566
0.9135430616368626
0.8881946289982675
0.8860144541682486
0.7842039383922557
0.7859369412814418
0.7114050365446778
0.6713325849613337
0.6736538694681588
0.6303218461855197
0.5701227720986980
0.5167873322743420
0.4862372661768006
0.4421422874508675
0.3554004884951584
0.4206596068897099
0.3047640673943549
0.3293414192079258
0.2615537032456421
0.2484551681375947
0.2229023204645046
0.2149038327907871
0.1910071687019499
0.1732464478872306
0.1533693986501598
0.1431593684483711
0.1421642784221409
0.1101694137193477
0.1034980970610861
0.0951516255296503
0.0968215677635764
0.0848565557695791
0.0637991055128493
0.0597645256898497
0.0547160728924849
0.0477911613394090
0.0415931335892893
0.0360174259631837
0.0302078069074271
0.0200000000000000
1.0000000000000020
0.9999652769965577
0.9998808875029767
0.9987654442692748
0.9954637803231355
0.9913970804980418
0.9829996978883832
0.9650403855323673
0.9658763620841907
0.9439133239671696
0.9223518120106048
0.8834836677404884
0.8639274190042395
0.7978449134289144
0.7685082422903986
0.7433438057885708
0.7304087633924858
0.6961758011427747
0.6058550565243247
0.5862916245680186
0.5158259776285874
0.4731404246073975
0.4859646407807047
0.3684016185314383
0.3506361525704696
0.3466451793093073
0.2800287923063480
0.2754395662713870
0.2613545287373918
0.2344111854009629
0.1941231536852206
0.1879744539433516
0.1679718408654713
0.1548154109792808
0.1500134924438211
0.1169876878626705
0.1095727284985964
0.1109661425797697
0.1035623895934152
0.0888096664366440
0.0857490141464079
0.0755019659510582
0.0618671127728278
0.0598657410691926
0.0532927391141512
0.0472475336364475
0.0475113576709138
0.0380565544785474
0.0288556039569210
0.0200000000000000
1.0000000000000018
0.9999868140135734
0.9994208373441105
0.9985267451513795
0.9978463572885837
0.9835494475370815
0.9824039702043552
0.9700313501824929
0.9462886585198890
0.9251745777233059
0.9192889920205293
0.8881054382713623
0.8762756958950488
0.8346693414729516
0.7767516745817264
0.7152115564772962
0.6729233106394821
0.6446947337854316
0.5391736056344383
0.5329966856374601
0.4638463412748742
0.5030908032332648
0.4451545247753492
0.3735014881683530
0.3728250027940465
0.3055681254193529
0.3030981904698689
0.2664855350038621
0.2306038917595537
0.2180700736396066
0.2161586582115738
0.1786990273427141
0.1509494183631055
0.1387102516427252
0.1470204123219705
0.1132815230459223
0.1050882113255328
0.1121992349536602
0.0842529717299812
0.0786631782086838
0.0789627471072182
0.0635920617774559
0.0649599445315135
0.0555794948695029
0.0499185567400090
0.0466498290388972
0.0429354991864845
0.0370794626465517
0.0266455518466646
0.0200000000000000
1.0000000000000013
0.9998551925666246
0.9997984184768400
0.9985095966604050
0.9933244519137239
0.9918243134333777
0.9738050054554190
0.9561263288066534
0.9559454011532681
0.9194000832751600
0.9024510990854060
0.8515204461164555
0.8415382053904112
0.7880566737645170
0.7515973959218835
0.7462799336126708
0.6365080237480760
0.6170421292860949
0.6039989718196683
0.5080447798003628
0.4950479535729989
0.4129324310639028
0.3977847228128790
0.3735503022220672
0.2972739954205754
0.2961675055776603
0.2633156474127706
0.2385332473653726
0.1974455015119894
0.1905795083965695
0.1834826355533293
0.1760083975244165
0.1298890843646738
0.1328870379401628
0.1295229250075355
0.1215219035769670
0.1144060934316124
0.0955961906575484
0.0860488123951646
0.0729040201375981
0.0715573075924034
0.0663822541139470
0.0630034506161303
0.0560697061950250
0.0466080176149478
0.0478741849092544
0.0390406158647794
0.0346913374332782
0.0300939033571471
0.0200000000000000
1.0000000000000016
0.9996876792060907
0.9991647764383899
0.9976846720497038
0.9932695567083326
0.9842382949684558
0.9747093108943717
0.9725420248383010
0.9424172683522356
0.9048875587949102
0.8684928256983570
0.8579204053094072
0.7951392364308500
0.7415701027172580
0.6890026066381426
0.6274128923223778
0.6484634597312174
0.5899159918624869
0.5144315151300400
0.4578933329407786
0.4527519299618427
0.3862679944251723
0.3453857576876220
0.2976354512796509
0.2871283975931842
0.2615780714220908
0.2445574736696902
0.2106476290255443
0.2113605876814124
0.1943058303793739
0.1680644074133602
0.1800515033118095
0.1447806052626732
0.1234230661294420
0.1223407443679877
0.1172932858150726
0.1025268997470492
0.0992441707817623
0.0795030297404180
0.0765245414013125
0.0724133938839552
0.0671271406558417
0.0597443734742284
0.0511490675278248
0.0504545754516090
0.0435729559228903
0.0410947337234940
0.0344793833860011
0.0272307865654353
0.0200000000000000
1.0000000000000016
0.9999779472993711
0.9996172866148039
0.9982337306825164
0.9876808967075343
0.9782621017589975
0.9698267999744216
0.9686683202157121
0.9272261026628840
0.8825729121686977
0.8557047817676393
0.8343254785359723
0.8001993676730944
0.7176534309056375
0.6930966323335722
0.6679099940771818
0.5900567478654802
0.5011865168189199
0.5123611952712600
0.4270824394362238
0.4329575276528570
0.3350486397773109
0.3067759916770796
0.2640484082189802
0.3084928891950655
0.2194620265174234
0.2168933336000670
0.1838798791553638
0.1771340116006544
0.1736070262980179
0.1732664643000869
0.1437933796054795
0.1225420051105539
0.1204464568855110
0.1049657359752445
0.1133650566320176
0.0888818669141826
0.0826461252328810
0.0794804803738944
0.0767497642633188
0.0684033214337580
0.0618968926733772
0.0580536823477745
0.0541709461195678
0.0470343228075945
0.0430834189146260
0.0376044015319962
0.0367838457061821
0.0297266748829051
0.0200000000000000
1.0000000000000020
0.9999707427785601
0.9987224423805301
0.9952136750419530
0.9921692253906056
0.9857232370385909
0.9713247354836195
0.9487105458572253
0.9162397813863543
0.8805857515124677
0.8486655801205063
0.7866704531153297
0.7827540918895076
0.6769820317113850
0.6608792573424173
0.6335814611406030
0.5652813666375905
0.5631039328877967
0.4392150434344623
0.4168166988176430
0.4053005482303860
0.3965710620267350
0.3189241821956079
0.2467242578567262
0.2395889658382421
0.2780945783137792
0.2021003785552992
0.2011969591637787
0.1780025585564345
0.1607546145626189
0.1612395496183864
0.1376126453915835
0.1375286129609230
0.1237276334585532
0.0997944306053580
0.1037388223036397
0.0878565391337435
0.0873423260689839
0.0796382357577237
0.0730041758128200
0.0670868137022301
0.0631313994604923
0.0567123090966160
0.0513359757142874
0.0444710959976358
0.0428190618582841
0.0363138829130068
0.0319444027649576
0.0307739819593474
0.0200000000000000
1.0000000000000020
0.9995932659237433
0.9990857691074386
0.9963646093211482
0.9854551455373218
0.9751924401832299
0.9559511176911950
0.9442729219253172
0.9183658744589096
0.8786936213042524
0.8394763177882553
0.7603253994569940
0.6770326670055481
0.6680444114627133
0.6318392218083063
0.5885672894967969
0.5686967551449337
0.4846392588384597
0.4217438533833532
0.4310941281325876
0.3638423498853236
0.3229295541910430
0.3018446820482493
0.2819390732695625
0.2671918069995541
0.2223168315555266
0.1870163519311847
0.1872778317286672
0.1687050335188973
0.1792317882007496
0.1303700752429276
0.1239577724378358
0.1322371929735656
0.0992432124383180
0.1107473884846742
0.0934713914912196
0.0825100211241596
0.0834582376930663
0.0720462957392550
0.0737881624978051
0.0650142188238415
0.0609829036595715
0.0534510121272692
0.0513040083786381
0.0479905905954063
0.0433271259843011
0.0385413573801742
0.0328198318160611
0.0267875160798275
0.0200000000000000
1.0000000000000018
0.9996054746783390
0.9980767993555013
0.9907088778766784
0.9866653714539471
0.9828867633009439
0.9513851877879292
0.9303656947806651
0.8872935756415045
0.8694927802088988
0.8275023115444041
0.7418123796660152
0.7229994917348139
0.6751119388588498
0.6691707721756462
0.5844152288565102
0.5311166079044150
0.4638198583282233
0.4145382629666713
0.4371541864125537
0.3569704854525216
0.2875330509816395
0.2576025599975023
0.2840544267782409
0.2637395716959851
0.2072849897642364
0.1869809220143411
0.1921904963393875
0.1552034703902953
0.1337485072622735
0.1377087508301532
0.1228161893709434
0.1251202141528588
0.1008620662036262
0.1023741724437817
0.0811950605057216
0.0857928101002391
0.0720738114735682
0.0752285314362750
0.0731788790866668
0.0634058897338409
0.0596573968250264
0.0541876311349320
0.0470240123849101
0.0474719903337682
0.0433786429005602
0.0363467029605672
0.0335376930927534
0.0275327396094102
0.0200000000000000
1.0000000000000018
0.9996859274725332
0.9984159274607820
0.9932473128319113
0.9782558309692743
0.9807112350337122
0.9325485065364209
0.9408858241056629
0.8855678623360449
0.8346754349933825
0.8056484784402811
0.7657832091852037
0.7117713106728194
0.6531014678531356
0.5833606751827368
0.5255827278684863
0.5941052574691531
0.4223111295043557
0.3985490731632735
0.3325317691602281
0.3309517636298028
0.2836064924938861
0.2753873169170195
0.2411169917024583
0.2049182027849578
0.2122219035642379
0.1792436236706088
0.1672518364309736
0.1468921574813946
0.1690701768638838
0.1310181017524967
0.1200472021749594
0.1067356713919406
0.1064058923781230
0.1043363830957208
0.0949854795434202
0.0823796277248696
0.0791698730619124
0.0665800469306219
0.0606625793176267
0.0703566014203333
0.0585970115930732
0.0550202146804072
0.0476514187379398
0.0419853681247334
0.0423102101664843
0.0382977287535670
0.0328339294318905
0.0263129996270749
0.0200000000000000
1.0000000000000016
0.9998418204595001
0.9978841250235778
0.9915244624815942
0.9887366957318112
0.9645797704984065
0.9509178156024800
0.9160859003256370
0.8840724132474572
0.8498993090997654
0.7653016430479618
0.7400893970075633
0.6940397177439577
0.6243332245206102
0.5370684200152199
0.5338962958196940
0.4241337297893846
0.4481548535375691
0.3929006665663393
0.3498799385789020
0.3197191811270926
0.2779129429255769
0.2540772584918442
0.2268007854790059
0.1994835870517552
0.1822698257712737
0.1779941133633366
0.1531103571573429
0.1466727835563797
0.1472308113012410
0.1174628079945794
0.1254912386631196
0.1078274578347320
0.1037268743140576
0.1007935742569537
0.0792384853390537
0.0717432694948177
0.0732343443748699
0.0711148381575147
0.0614451499879629
0.0709353957742930
0.0556887680262223
0.0549109313212186
0.0474100025176927
0.0421361557560280
0.0431925918130227
0.0358762648124726
0.0299465203277627
0.0266164046593402
0.0200000000000000
1.0000000000000016
0.9999422830049234
0.9986901384789799
0.9924036306713694
0.9857759386886293
0.9616353020263884
0.9407035955037045
0.9020617203353722
0.8865372437376049
0.8081619971547500
0.7825541806944596
0.7534871405455226
0.6777589959970101
0.6044986492108637
0.5372337089040057
0.4825935992523251
0.4340540629233405
0.3528338619223250
0.3689462782043279
0.3409596544501883
0.2941098380601371
0.2875419826485608
0.2422647258699320
0.2261645079077605
0.1944481784744571
0.1864924478222831
0.1696059693831073
0.1587191679094859
0.1386328473667254
0.1354061853088724
0.1322887669717233
0.1095710987693598
0.1015454910732650
0.1026218403128264
0.1022697099974276
0.0915687851093846
0.0769406312220168
0.0793073867395500
0.0738256963954805
0.0630356013972688
0.0599725617672256
0.0524481816139787
0.0471206275122868
0.0500800305669189
0.0429078351437391
0.0371487309976957
0.0363844320141833
0.0321618492746633
0.0267589659133531
0.0200000000000000
1.0000000000000018
0.9996622452833988
0.9990753937778728
0.9935221079235061
0.9816648302298632
0.9647249800783416
0.9307452990518412
0.9083982165632856
0.8567755845785833
0.8154126335372786
0.7442098193423441
0.7026467825272851
0.6559182211442959
0.5682057923710830
0.5514129234580868
0.5007516938306336
0.4081654765273626
0.3951280488608895
0.3745564447127808
0.3497144062816275
0.2803140779567247
0.2269093478914845
0.2176579138861655
0.2103040401151466
0.2039380258157660
0.1747342167153080
0.1670180379406705
0.1542702151568583
0.1295534497752219
0.1239596218487437
0.1241760941313480
0.1106794452981406
0.1147397065443022
0.0934385892561549
0.0808641494047952
0.0855190132871356
0.0726403534800629
0.0709798611510307
0.0699566929568000
0.0656294689258037
0.0534709939749082
0.0519831658976245
0.0483261100346899
0.0445521614751234
0.0408386894656157
0.0386886099130473
0.0348918996594572
0.0315605550877633
0.0258135879205671
0.0200000000000000
1.0000000000000020
0.9998657777572020
0.9975994188742721
0.9936215738449767
0.9808638808643890
0.9449837244256060
0.9241691066279348
0.8969345871265116
0.8285772384074988
0.7997133489494228
0.7281334181829509
0.6534044871465871
0.6898507313117852
0.5418157772025041
0.5152572239790860
0.4543819754517850
0.4185853642522624
0.3908473481217093
0.3286196852562011
0.2959919552386938
0.3111894479233955
0.2400133646114126
0.2150525489280594
0.2066216420574084
0.1779612621397256
0.1784930152351047
0.1645157006819790
0.1480178207570036
0.1348968840369021
0.1267040165680338
0.1095418912797060
0.1227555930877343
0.1050353334622162
0.0930683607200866
0.0803456007379112
0.0804589915408244
0.0745731804016425
0.0658433915396672
0.0660291799112896
0.0603062036816687
0.0600511418853398
0.0540717616548857
0.0531016364174309
0.0508770471582675
0.0423159217833311
0.0385217569673976
0.0361107574448503
0.0311137825317803
0.0263319067222077
0.0200000000000000
1.0000000000000018
0.9998965992513871
0.9956023717810237
0.9924069558074643
0.9725133733116348
0.9565247607004705
0.9195126007339237
0.8846893847505659
0.8587570102583892
0.7685225259208233
0.7467742828749657
0.6500930276977083
0.5856917854275216
0.5374629469134943
0.4959889452697955
0.4413033293555039
0.4116107714705238
0.3664260850952230
0.2984199746871176
0.3010982589463104
0.2513483035018365
0.2568000997163215
0.2053126214910225
0.1876394454447803
0.1816323006360347
0.1649567886590820
0.1548177806627832
0.1567372657795617
0.1386162295679478
0.1073658315689331
0.1095022444705816
0.1031369455962660
0.0962413213829021
0.0910592531538605
0.0770662004979074
0.0770542187478917
0.0708321850945701
0.0677221598266895
0.0664577759741743
0.0558080670118336
0.0552122686954200
0.0526879266412598
0.0510772048751962
0.0484810694952375
0.0402324729704276
0.0398695566686933
0.0351433584396612
0.0338472702893606
0.0258029635180844
0.0200000000000000
1.0000000000000016
0.9997583439067290
0.9966572894981524
0.9919966610406880
0.9773981877768722
0.9522831756736707
0.9319569557988930
0.8712044568225380
0.8451632176028064
0.8082612712052469
0.7232357560001413
0.6744521002721785
0.5781692914434845
0.5956754749014890
0.5065288790094777
0.4357332367597003
0.3844982746690284
0.3216359566609808
0.3070365675771661
0.2760071361105797
0.2481189654427425
0.2299743184419148
0.2043934346121049
0.1835971062790272
0.1895864442185649
0.1487869376345352
0.1330758332974910
0.1403124395427001
0.1091005174166294
0.1002740443854156
0.1143148300624830
0.1012135997879920
0.0940380268280227
0.0925251073588365
0.0905372878880806
0.0782768735765573
0.0684546357782499
0.0675641996189594
0.0592296301673227
0.0575282463120568
0.0576775220963517
0.0553416979045041
0.0498848674004014
0.0440739548992100
0.0402532280757486
0.0373132930526081
0.0345376603622680
0.0313808807000910
0.0265898398434925
0.0200000000000000
1.0000000000000013
0.9998735784755484
0.9980194349935410
0.9873772153382899
0.9774034393079761
0.9558391951782359
0.9132921606295478
0.8594306180556790
0.7862811146827221
0.7860226490484040
0.6969892371515205
0.6221540331366929
0.5892144987129527
0.5088842854087731
0.4243365646776606
0.4278585061588137
0.3741358132340885
0.3506159585550444
0.3089563515783983
0.2848908662545369
0.2465198864144723
0.2149629802724922
0.2073002427000963
0.1820356467881090
0.1837299582015200
0.1474465238405166
0.1375311309025628
0.1282135380437455
0.1246997153495516
0.1093114927980671
0.1010494364989655
0.0874522441698045
0.0919189046826370
0.0851992835627978
0.0867769402000869
0.0739552298949707
0.0721209709868143
0.0743620866558429
0.0583851925987648
0.0550803746033178
0.0556247460087889
0.0508302533057657
0.0481941108502915
0.0432817477481951
0.0461504364803605
0.0387089622825699
0.0327077442752590
0.0314898505753102
0.0254377865015258
0.0200000000000000
1.0000000000000018
0.9998646649171747
0.9978745057724343
0.9872374123705263
0.9778683700918216
0.9546856193281311
0.9111290433794382
0.8617015184562791
0.8605966959758068
0.7499728095363946
0.7040755198267210
0.6743832711190051
0.6048897950407798
0.5067884747536154
0.4571330628040740
0.4307033701898292
0.3446599302110193
0.3321143662512308
0.3108419349451267
0.2762469067590358
0.2598142563065954
0.2209776078572931
0.1867705475010255
0.1829755737338356
0.1708356031328405
0.1491086918305097
0.1457378621873107
0.1295064054708738
0.1181111119289412
0.1008406707265321
0.1022205031733103
0.0907703124335083
0.0882817096323716
0.0860198914594476
0.0798248326457302
0.0768931526339840
0.0708954307246530
0.0686533993108269
0.0705698726634309
0.0531737019531057
0.0531638898593129
0.0497620174805317
0.0489388461731580
0.0412847857600528
0.0456535339173104
0.0359965086947539
0.0316413818726338
0.0290605845440143
0.0248197902166467
0.0200000000000000
1.0000000000000018
0.9998799563318983
0.9966503973765288
0.9855317349705276
0.9740405175745678
0.9467732738613153
0.9257883400213262
0.8723060338031307
0.7706144732162171
0.7403949131169254
0.7027737611485696
0.6463920781342419
0.6371212457233888
0.4953682160939689
0.4824481221898180
0.3956149583885475
0.3815803177310793
0.3196665502416826
0.2946892451191351
0.2780996475741494
0.2737847500123719
0.2061166311143261
0.1912823593224870
0.1788783739901594
0.1506102372606357
0.1368584529758094
0.1255986914056443
0.1402191575232028
0.1169907734237881
0.1178171654498281
0.0973601305399312
0.0921896221429234
0.0865414514989517
0.0863412091505951
0.0800560788984560
0.0745581804535732
0.0669715354361515
0.0684365657729072
0.0596468639609395
0.0544408560383561
0.0556650313277333
0.0457900057265976
0.0476860560077511
0.0452004888694840
0.0367560717751621
0.0362931054752724
0.0364483012986125
0.0302090295807657
0.0261156209761503
0.0200000000000000
1.0000000000000020
0.9993971132559426
0.9974263514765325
0.9912376451618591
0.9699381165301745
0.9549624145773689
0.9074346195238249
0.8541770435762724
0.7905502436802376
0.7210408260075867
0.7122300972993307
0.6168633199190773
0.5546140951076788
0.4869551529862441
0.4134293940822573
0.3962100095457917
0.3259939592074878
0.3042273031153780
0.2973296115707581
0.2461447635645866
0.2332607057127754
0.2002904796016202
0.1881783782520331
0.1711166393055531
0.1571816187750130
0.1489893758248462
0.1380385970368139
0.1300603610675875
0.1102744810392947
0.1085025269527457
0.0999821542512333
0.0986113936696158
0.0901107885173420
0.0849529832220207
0.0723810021632314
0.0736095759444346
0.0706801911010762
0.0650795742534733
0.0632438677529755
0.0560119534335311
0.0547163567658606
0.0446822033526746
0.0458196078701497
0.0408627163699476
0.0371080939154719
0.0389601993362223
0.0301887068050651
0.0299797028448121
0.0293113255888973
0.0200000000000000
1.0000000000000016
0.9996351183466595
0.9976389442824105
0.9869201822338644
0.9826044893943331
0.9378723140600256
0.9061196359993722
0.8656486146768479
0.8216881776162467
0.7457069335533408
0.6568176171794551
0.6304529535878032
0.5370360027203190
0.4878684658657910
0.4607196298895766
0.4430757761327796
0.3329073928661425
0.3156974689796228
0.3121739043417799
0.2462704413906832
0.2229655279921194
0.2236348205645003
0.1725185766986368
0.1694934674366119
0.1491185912271402
0.1475035406730362
0.1316282754231887
0.1233203850727848
0.1173116794108713
0.1045918398813356
0.1040877042862382
0.0865989842640604
0.0869982993036365
0.0842935549362715
0.0768044774395061
0.0726200438889883
0.0710874780764535
0.0616551065198247
0.0607025828960660
0.0532864710937019
0.0520138577815601
0.0460248650769496
0.0417461819885784
0.0486255811579245
0.0429238534901022
0.0377713540326674
0.0310860712757326
0.0276296285762948
0.0261830372331562
0.0200000000000000
1.0000000000000020
0.9998978999064838
0.9982068552406210
0.9902676814337168
0.9570027573557658
0.9461722066425843
0.9015349875639422
0.8738821570780588
0.8002970621929153
0.7334675241515378
0.6680732571216491
0.6022572426040542
0.5269279602188974
0.4947091789947676
0.4391446762115706
0.3557609683860486
0.3935275155661616
0.3029563600160594
0.2490919710797133
0.2331695353898978
0.2154385754887104
0.2083592813967089
0.1922477362319255
0.1657909222961376
0.1544106374900028
0.1350574951715762
0.1252698178209903
0.1161389792734236
0.1057262389181804
0.0998350731290530
0.1053150787922525
0.0987928733402586
0.0839222961975238
0.0825074586867222
0.0786270973106523
0.0721930561323108
0.0744063911741667
0.0631637172370483
0.0590784805222526
0.0543825820244024
0.0527479647959075
0.0503940435091088
0.0437214862894319
0.0418310856754807
0.0408289312388073
0.0364573297639582
0.0312520775624545
0.0303821110980559
0.0268416446169281
0.0200000000000000
1.0000000000000013
0.9991813399240007
0.9975576177790922
0.9853311507069971
0.9772556013191447
0.9361616693385258
0.8945222863564443
0.8410737467858987
0.8075811143384476
0.7650285127695656
0.6913068456723163
0.6060871449378905
0.5454296433187321
0.4715286299405493
0.4472210186533191
0.3541750197084388
0.3459138840853495
0.2852804424260433
0.2616854245380461
0.2506678393012978
0.2227885098395263
0.1952101687338030
0.1968328817811897
0.1869744362524567
0.1515463220233652
0.1489467335764086
0.1322360566560238
0.1194581776680526
0.1182331588294772
0.1119335980614786
0.0961030648977649
0.0899932238555364
0.0847320764056988
0.0811571152811294
0.0752185574470127
0.0707972653849663
0.0703126352842006
0.0631061453927605
0.0575454810266043
0.0558006053307580
0.0495245509498613
0.0481774186931457
0.0470074071152413
0.0396045796467747
0.0389115903871367
0.0389023240950298
0.0352756406346061
0.0294940952699120
0.0277879174702030
0.0200000000000000
1.0000000000000020
0.9998876571503016
0.9958289840196186
0.9886522193603865
0.9677782611879363
0.9517297880507036
0.9046666275071502
0.8618004750720772
0.8032912985991224
0.7012392689296892
0.6722553816349107
0.6275034128133764
0.5344150289693201
0.4708866242228701
0.4355156439751942
0.4159332726574470
0.3851553030953353
0.3031330153924655
0.2844165785121802
0.2309885122997775
0.2247654450688644
0.1971134990815541
0.1786180057529292
0.1782084736081667
0.1654390136276068
0.1490927297626536
0.1337471861979750
0.1165761037719266
0.1083180112981047
0.0980599360116337
0.0988946503761342
0.0916312884006367
0.0838856606129355
0.0790065699623885
0.0715346249078098
0.0726716353441327
0.0721437271337034
0.0607143768584152
0.0578426628526704
0.0543463783625868
0.0515675935638338
0.0520091046246826
0.0452490827926854
0.0473191925531579
0.0394184726893206
0.0357081147867695
0.0340018845678128
0.0267190832295402
0.0268632047635145
0.0200000000000000
1.0000000000000016
0.9998073934455008
0.9968674174669860
0.9885240896858344
0.9743538764852167
0.9333372586676577
0.9077991676515514
0.8533216688317603
0.8312657010749815
0.7461729931801998
0.6489087534618209
0.6244024247126735
0.5308039246800754
0.4860925030191440
0.3953827095643506
0.3931932138852862
0.3468408148441848
0.2820196633978629
0.2730130858508197
0.2480005682281163
0.2015843802092732
0.1960013596211810
0.1646118351295806
0.1591165284373549
0.1537953736939243
0.1407313445966800
0.1303918152455733
0.1239007647861491
0.1110112752333990
0.0996206186898957
0.1019248413144078
0.0968134414355702
0.0786070430730523
0.0831873681101349
0.0782349491185055
0.0707714154045315
0.0682188475281514
0.0648678551298362
0.0634297102209889
0.0537644809645252
0.0539990875209075
0.0472143644572538
0.0447654087866352
0.0419849316997743
0.0424802399285836
0.0367707069750753
0.0316518048628808
0.0322927276301335
0.0259179502855851
0.0200000000000000
1.0000000000000016
0.9998324837158151
0.9982446733910179
0.9865438304675714
0.9744812104542003
0.9422671012834436
0.9037105948827374
0.8662563196142630
0.7924547428534325
0.7316572688311876
0.6488492244494731
0.6485734971020317
0.5366906370942642
0.5094370161354004
0.4811572354426534
0.3678051893102104
0.3586034488774573
0.2896668647790878
0.2506106064384888
0.2568518029997577
0.2167235008908830
0.1956189422897703
0.1805561079889691
0.1696554395055036
0.1470261321627257
0.1614423837980613
0.1250789662117446
0.1260375436043234
0.1097132838065895
0.1097848535672525
0.0994777799301743
0.0857290410282851
0.0798455708029981
0.0786543087585024
0.0733904158244738
0.0711843126339386
0.0634067302994196
0.0614882604969721
0.0574295709234694
0.0590782038335013
0.0489289318612165
0.0423992528012982
0.0421929197196161
0.0426639755968732
0.0405889117689761
0.0372609694047785
0.0351138918187321
0.0278768902464615
0.0251868129373510
0.0200000000000000
1.0000000000000016
0.9998391438086389
0.9979532484542012
0.9916356058966018
0.9671804787120614
0.9454842327370673
0.8744520337380721
0.8588203635210725
0.8120494718198369
0.6972446762819690
0.6198141166233316
0.6054044508034154
0.5344123990375055
0.4861384509866871
0.4189480403688819
0.3753088491931023
0.3292781103055963
0.3004641887198596
0.2465607046538531
0.2496582952301530
0.2073382032404817
0.2134898835584956
0.1869528070334623
0.1742093828711435
0.1576224869455475
0.1288416171582277
0.1241299524119377
0.1144745755580518
0.1031215038558281
0.1022581398078001
0.0885457679641575
0.0915656563131723
0.0820767790671966
0.0764421220098564
0.0736477954900626
0.0626058790143888
0.0614310806291384
0.0628420399318685
0.0577165466726934
0.0571165954691532
0.0501036157337691
0.0531949232223551
0.0415127253275464
0.0432584402888317
0.0401643062715698
0.0385768495606892
0.0330144376430999
0.0300547832995066
0.0255656876764276
0.0200000000000000
1.0000000000000020
0.9994036173399534
0.9972558783151358
0.9828150586533756
0.9624109855398442
0.9512343444976987
0.8961879280591766
0.8664659914133690
0.7961044165005720
0.7455941148846497
0.6663287043348057
0.5837005529960424
0.5457679230599146
0.5353088717618549
0.4445659848110554
0.4144731226705988
0.3285986663589233
0.3091927321892549
0.2459991580175449
0.2470934886706787
0.2158051352626676
0.1830823935939374
0.1753555854134784
0.1656329207664204
0.1461257331468021
0.1477055086874967
0.1118362212319723
0.1217889480828270
0.1199285537124352
0.1032203673359424
0.1000108949852590
0.0925927710228159
0.0821746290066864
0.0882579357274389
0.0757777266689136
0.0678372012146571
0.0628201232180745
0.0641019220666581
0.0608528543691389
0.0544154427222404
0.0494040805421512
0.0495669512081093
0.0446418698934211
0.0401750615974153
0.0457015024541001
0.0365675155340451
0.0303482705760209
0.0297749875840577
0.0247540527644693
0.0200000000000000
1.0000000000000018
0.9995057223328511
0.9985297631694449
0.9895427834373552
0.9692195107051158
0.9410815699002173
0.9211156956996821
0.8600549088330227
0.7930154674294516
0.7460608676414732
0.6295993116599924
0.5983265178016275
0.5629897654787692
0.5094473719427229
0.4614959583651487
0.3867594435857833
0.3348256638761704
0.2769010481444267
0.2617311955136135
0.2282819776434679
0.2218796907689122
0.2217276318823836
0.1755661093747754
0.1851109842101882
0.1568951882727421
0.1405402571311646
0.1391627776121563
0.1277196350116721
0.1244627295323898
0.1016800619818502
0.1003683416729397
0.0903322718307259
0.0856072636906757
0.0825323380179934
0.0753366376202817
0.0713063603015033
0.0611526478154992
0.0588749328360900
0.0566805805686419
0.0541059604172080
0.0472467073750499
0.0501084009321803
0.0459387013503719
0.0401321027079291
0.0374242380280248
0.0384811608625384
0.0331484652425198
0.0299203209959017
0.0246968472590333
0.0200000000000000
1.0000000000000018
0.9997973706483484
0.9975612713577713
0.9893977658862768
0.9699999657359337
0.9383208049971390
0.8821695804660094
0.8550086601381061
0.7901695739343664
0.7184826996718828
0.6753261582486395
0.5983606716564485
0.5106557615506878
0.5047638556253837
0.4484878609127778
0.3580767812361931
0.3312148317479711
0.3060195394366822
0.2958603413773559
0.2730156343153102
0.1978005587395761
0.1835975952580049
0.1712184636284717
0.1768586559298737
0.1636490199423276
0.1727756055314249
0.1364410203003595
0.1179698842446065
0.1155693511406381
0.1098375099854660
0.0985276701744435
0.0933883884394123
0.0870409569385824
0.0786782304814207
0.0775391046174370
0.0661976749157254
0.0648828587369843
0.0595418066608387
0.0611991829145797
0.0575719778927125
0.0491269797729669
0.0451751018554689
0.0514321218639989
0.0389334945636226
0.0427800489818189
0.0351035263147570
0.0345584542411949
0.0298333375207425
0.0272396370815342
0.0200000000000000
1.0000000000000016
0.9997498544941216
0.9986108101113710
0.9892601650285751
0.9793598917594070
0.9299049234934923
0.9107323457239733
0.8472203089705358
0.7896084191540089
0.6967308872271603
0.6375736150850273
0.5848148685289084
0.5341032885084626
0.4335787964751607
0.3998026665837994
0.3683988130090770
0.3472706033083128
0.2943102698668711
0.2422417293656724
0.2421960988113441
0.2295599465971122
0.1897787720489602
0.1767623201650907
0.1657035869705943
0.1440708393624760
0.1519463971243927
0.1233202246738139
0.1159274734788302
0.1026319974608557
0.0982477160627141
0.0964814354492955
0.0857777719282795
0.0857775747646427
0.0772983400091252
0.0758510426850386
0.0719363195244190
0.0668065625322522
0.0586736343931802
0.0566769946647804
0.0557961180537604
0.0569717332944170
0.0445706246647119
0.0439946283692992
0.0448448278913058
0.0418613370659567
0.0379718842447498
0.0334623240414694
0.0311608319121476
0.0253069355754193
0.0200000000000000
1.0000000000000018
0.9994185022188520
0.9962010122130693
0.9867142299095492
0.9672508940272131
0.9385329636573554
0.9081189248060711
0.8471566990395387
0.8066738150215901
0.7348965370835159
0.6604235196141858
0.5776115822368199
0.5482804228994856
0.4654483764440884
0.4502960635701528
0.3555799202456095
0.3035034884453894
0.2697781722045767
0.2816764148437247
0.2493226818099790
0.2284194041513543
0.1791156872168202
0.1760570418635841
0.1829206877746480
0.1597270943836893
0.1365460158961004
0.1222935045087580
0.1204863260539752
0.1119149275375067
0.1060831683852226
0.0917257158969864
0.0901734026361598
0.0848730451565026
0.0803685018720510
0.0758634086491845
0.0713672165039430
0.0704709560563704
0.0605563983290311
0.0561849038225101
0.0564698636975466
0.0539107306493238
0.0491719385004634
0.0457136764046961
0.0423580918052928
0.0395180014485039
0.0369316792265146
0.0332133095819876
0.0298330894836393
0.0257824678070896
0.0200000000000000
1.0000000000000016
0.9998995899587338
0.9946963812345255
0.9852106823426328
0.9800574741851745
0.9520075164850395
0.9030180599047359
0.8243971675231045
0.8008593803378994
0.7363353509855979
0.6656530187105295
0.6256662556070671
0.5443014071431320
0.4835270055061621
0.4383957590783380
0.3824755031227715
0.3645812353313079
0.3227086344615946
0.2515142478583396
0.2519854413419811
0.2329761952025577
0.2021859798667176
0.1601760019320938
0.1663476214085831
0.1474201532085737
0.1288450135323199
0.1282976444343615
0.1147387563527933
0.1096925813795555
0.0979725286825446
0.1026440056648582
0.0862082152381917
0.0805845437351624
0.0827671795928079
0.0764293508407708
0.0688330279135865
0.0675248476578710
0.0578860859723923
0.0604256640533533
0.0535930054695632
0.0497851386725240
0.0462240426629093
0.0426938289452352
0.0405711071790109
0.0386001529611403
0.0362312345760126
0.0325009026297529
0.0282317973176540
0.0257773513187654
0.0200000000000000
1.0000000000000016
0.9998213425480647
0.9977454237025790
0.9855847859476636
0.9682047978972500
0.9384076074751079
0.8962808432959281
0.8559292589864530
0.7802367472119703
0.7299635083445335
0.6585180831290889
0.6076062233256425
0.5030757355605396
0.4631972202886288
0.4103504267054725
0.4008961242156769
0.3170235689086232
0.3167265847043607
0.2573363219617146
0.2351841038473322
0.2145556018167037
0.1797615292155673
0.1888555148049229
0.1669160781070353
0.1481574662049387
0.1416942185120448
0.1326181207722417
0.1366836905998481
0.1100279637246303
0.1111549072555013
0.0975230967230831
0.0903581051748967
0.0853991378481032
0.0778919546017174
0.0695944418544195
0.0627574795074852
0.0712483507126185
0.0645204361403338
0.0554713458189875
0.0539806552601827
0.0516541589952562
0.0474831493154179
0.0432190459765184
0.0444633767151951
0.0402026894645623
0.0361012264870015
0.0312566510170773
0.0291224845950549
0.0268390530838219
0.0200000000000000
