31.3478320995001987
-2.2570495444801946
31.1880070426716571
-2.2347544546731908
31.2025119004963400
-2.2202392272311315
31.8384367516285955
-2.2094536881029851
31.9196255261508561
-2.2005616454452110
31.5155668520998944
-2.1930839754304863
31.7239813558553081
-2.1865264286424271
31.8922240462215782
-2.1801899222422327
31.8510555763999221
-2.1748343410204725
32.4868209659604545
-2.1697229871614465
32.2948228099326542
-2.1647919268865286
32.2508414626934226
-2.1603039049963613
32.6524982374767987
-2.1559058624909095
32.5045709614839069
-2.1519812817347366
32.3091762882450269
-2.1481205074478011
33.2987635338164196
-2.1445232754755370
31.9344188328363288
-2.1411394819998568
32.6373867484706253
-2.1376898540224829
33.0432370145246281
-2.1342116530283635
33.3545322676076097
-2.1308946791556038
33.0222479101946504
-2.1277008103672865
33.2057801146415486
-2.1245671149809380
32.8853155327570477
-2.1213200445005103
33.3769884430357564
-2.1180161416166481
32.9380474844639153
-2.1149449573831567
33.9138789069024611
-2.1118179803719963
33.4782495355970795
-2.1089678351449255
32.9886999470590325
-2.1060800912203130
33.8692664253579920
-2.1032837812839982
33.3794265120550122
-2.1006206561419076
34.5370505022759460
-2.0979404074025298
34.1113524879131873
-2.0952557998712180
34.0316595529000878
-2.0928277832345850
34.2283486054584642
-2.0903170543121643
34.5776571089786415
-2.0876886508184271
34.4994513202554600
-2.0851017494992989
34.3496158741973474
-2.0826265086528242
34.4487829175651186
-2.0800310549339640
34.3797166922317956
-2.0775661195270412
34.3880539043939635
-2.0749896645697130
34.5883053982581075
-2.0724178055219937
35.0864466669677952
-2.0699568690295056
35.1073467822193948
-2.0675071205056375
35.6465431385761775
-2.0651921154872137
35.2931204686265616
-2.0626615751696256
35.2887761642302564
-2.0602646091195846
35.2615793718218029
-2.0578437823106701
34.8913301667149369
-2.0553051809666032
35.1583538518214525
-2.0529460376118078
35.6045053396729827
-2.0506179948067542
35.8620384015400830
-2.0480604334808077
36.2532468069996838
-2.0458335630359632
36.4428176102614287
-2.0435190556377889
36.3119524864350822
-2.0412056837526440
37.1979212508467825
-2.0388779955055658
37.0717653022608005
-2.0365531700616253
35.9555976895518441
-2.0342724920147854
36.7718908064933316
-2.0319021915168740
37.0845705110618766
-2.0296335468095803
36.7951347947239000
-2.0271676763716173
37.6387022070550969
-2.0248770575351154
36.6937558344874120
-2.0225243208249823
37.2437968163857747
-2.0201822457296883
37.4626809491973845
-2.0178726914853820
38.3169027519905754
-2.0155230703652611
37.1556293525909709
-2.0131872775427584
37.5157958110826044
-2.0108231180200082
38.8046354967056786
-2.0085170599739959
37.8373170362031033
-2.0062450843722099
38.2431981811356749
-2.0039732215839878
38.4194697565981471
-2.0015785598578670
38.3730289138753307
-1.9992159024691800
38.9561352103961482
-1.9968973937642844
38.3641045857561238
-1.9944589184540038
38.5935151449868457
-1.9921711320765765
38.7832248584884169
-1.9898463882998774
40.7335635118420711
-1.9875292598586576
39.7684344392025295
-1.9852550540896774
39.3062109730241716
-1.9828895331889260
40.3251838045103455
-1.9804984847420277
39.7841527587572870
-1.9781069738809178
39.8868212246376572
-1.9757274529891620
41.1551952547681097
-1.9733225688077778
41.7440796788732982
-1.9709385762938723
41.1752274164658942
-1.9685681218623308
41.9936482578634340
-1.9662823273617891
42.0978375703970187
-1.9638538414122346
40.9357647293035498
-1.9614674527173219
41.3790648109333219
-1.9589423326843887
42.1922197835641128
-1.9564833285143863
41.6172932262678827
-1.9539254553121972
43.1134829859110056
-1.9514964885580395
42.1520776128635646
-1.9490665641321099
43.4366142594658271
-1.9465826334860648
42.4637585943096809
-1.9440851072824255
43.0624119184188174
-1.9415373251704309
43.6742420453702778
-1.9389211349871236
44.0944985730042873
-1.9365085225467482
45.3251185374618970
-1.9340039807333873
45.2397636826335088
-1.9315988610315387
44.5595092429035589
-1.9291785313442871
46.2394489955457573
-1.9266253652677825
46.3929792396667224
-1.9240158086760690
46.5173688041109799
-1.9214025784291373
47.6123489964327575
-1.9188165634857925
47.1547965417974311
-1.9162108633138240
47.5650953749801673
-1.9136361086002616
46.6965715951660911
-1.9111261356988014
49.2420822533020086
-1.9085618871628256
47.6144689146716473
-1.9059634128941934
50.3909614654319356
-1.9032826360951478
50.5010159147332232
-1.9006455224162007
48.4025812103008235
-1.8981011734102449
49.8575286799660660
-1.8954428943144022
51.2809879686082297
-1.8928963499439528
51.7259490288208355
-1.8903912273079864
51.7704480624943884
-1.8876444773070842
52.3397703603724764
-1.8849680891994174
52.1645924500153697
-1.8821925717820891
52.5788110485313851
-1.8794585290774357
52.8109514448283903
-1.8767397689162606
52.8955778916514134
-1.8739452772127569
53.6608871257542788
-1.8712696958155792
55.7828889906423555
-1.8685306335915750
55.1040469496173486
-1.8658363268657008
55.3517405078634184
-1.8630751739205500
56.4393953578738774
-1.8602381171195752
55.9417662712620611
-1.8576172610998545
57.7298928716454185
-1.8547539770164385
59.1708425613667686
-1.8521073123239962
59.0990781799443354
-1.8493283386128438
60.4195569902772789
-1.8466062663744192
60.2584292957122400
-1.8437764707508926
60.5679503780909840
-1.8409072242491471
59.5099004449097819
-1.8380728986262613
60.7907782444897578
-1.8350641167293997
61.1924441995099855
-1.8323842387585494
63.8175125074107186
-1.8295641150011144
64.9600976612522345
-1.8264781808788826
62.9099975110602259
-1.8234799793172367
63.3226205451918673
-1.8205199413529856
66.0546476985770283
-1.8175936044018408
64.3891982906014704
-1.8145019082732015
66.9097197630350706
-1.8117025367134014
65.4281765164277260
-1.8086979524963203
66.5328194277022078
-1.8056166215575589
68.8319422660847522
-1.8025606438273234
69.7914498284198430
-1.7994749813739239
69.7608503546881593
-1.7964549074647211
68.8844277309217432
-1.7934647721028376
71.2359938240687995
-1.7904380720795254
69.9059093400962013
-1.7872749234939116
69.7447016623253120
-1.7842406457367481
72.1253668279061628
-1.7811231094040640
71.2417239059584091
-1.7779790040898764
74.8380566719577303
-1.7747810754995381
73.4734702321069904
-1.7716978929429426
75.9923814105459883
-1.7686407585223667
75.5485665629896772
-1.7655806347760521
75.5090387431655188
-1.7623555212391062
75.6485619447428661
-1.7592924945149637
77.2761643347499358
-1.7561169314799621
76.4635329951625948
-1.7529916284650562
80.0451654030926960
-1.7496137329905621
79.0456430762668418
-1.7463923163415218
81.4560643662080963
-1.7432051541887619
80.0698604773191249
-1.7400096763479302
79.1780421476445753
-1.7367166043322690
81.1786463457272163
-1.7333386070753620
84.0757131628659096
-1.7300892223676105
81.2574117281509132
-1.7265385208867954
82.1267025192012312
-1.7231019739335127
83.2472496761994449
-1.7199049155321158
82.0423380380132130
-1.7164754365076194
83.9328053962184981
-1.7130403888284467
83.9961189594256581
-1.7093932757522101
86.8134231090361084
-1.7058508508445989
87.1341783273489199
-1.7024606964730054
89.2966696843661367
-1.6989109040965358
87.7113943955797879
-1.6953889145264698
90.1214059857696412
-1.6918973259060579
85.9279493650340100
-1.6885033658938120
88.4499745711855354
-1.6848789340754589
90.7443899224975610
-1.6814318836611080
90.4996180852320720
-1.6778853280344679
87.9426034478576781
-1.6742473205504849
91.6336391658027907
-1.6706125637526374
95.4727505014281377
-1.6670328645666792
90.9039347008616829
-1.6634459115043956
93.8487186782607665
-1.6598268799724831
94.2603727445377331
-1.6562099161950496
97.0068439830448312
-1.6526827580260737
96.3743710203462598
-1.6490809562142448
96.7210409847752288
-1.6454230393542286
100.7027931400330800
-1.6418312957367773
97.2139952433097676
-1.6381869320098572
98.8535505423748901
-1.6344113277543353
98.1748364044719182
-1.6307795524225244
97.7441580313612661
-1.6269662883884486
100.2340093256046600
-1.6230695800184063
100.5907656340258569
-1.6194623334213580
100.0856944522828371
-1.6155777934378179
103.4815267487240220
-1.6116431215402758
105.8962529399635315
-1.6078735864337532
105.8314682305962151
-1.6040596758183980
104.4840918887430092
-1.6001988162271361
106.4628348649992660
-1.5962797235702850
104.9990815899130610
-1.5924273656626589
104.0138240981413134
-1.5886032235444236
105.8663135200320085
-1.5847759810646715
106.8232916042989871
-1.5808958407270730
108.2224500152223072
-1.5768914049425791
106.1304233460324582
-1.5729383607389900
109.1042919241503029
-1.5689720279220472
106.1447757427237093
-1.5651397799963294
110.2527698398208003
-1.5610738981616081
108.3148568847186652
-1.5571142415321217
109.8509387676050864
-1.5530442215316760
110.4993529787926434
-1.5490186994060355
108.7321231419557250
-1.5450741551388103
110.8540091225909663
-1.5410224034311690
113.2925273534052621
-1.5369574958708951
113.1914996910637683
-1.5327845471334964
114.4079175848924166
-1.5285307256180687
113.9044732586380917
-1.5245025412421096
115.2847644690496196
-1.5204091639112420
116.0244070528301989
-1.5163814833802687
119.2283586497032957
-1.5122985189387272
121.2487794343644225
-1.5082930864911461
119.3409646087477824
-1.5041278389802364
118.2882131919872535
-1.5000106932256583
121.5427852111233449
-1.4958092962109286
117.5166160892777754
-1.4915410368672701
117.4114207809705590
-1.4872475570479879
120.6151843193164268
-1.4830745078404950
118.5954068735506581
-1.4784586081953739
121.0630840958718153
-1.4741037932167902
120.7212882820547861
-1.4697828292684825
125.9493030465014982
-1.4655904613688908
122.0482055020283241
-1.4612937394880499
123.2252327953049331
-1.4567878929561202
124.6338565039929307
-1.4524418992419224
122.6882019857040689
-1.4480084257317001
127.1637273002605752
-1.4437729302790927
128.4980471193504741
-1.4392501654105925
125.8669912047509172
-1.4348247357057602
127.7315837083009882
-1.4304988073293650
125.6543737897875559
-1.4261007586165622
130.4652174426773286
-1.4216040973607080
128.7901176328208521
-1.4171308821909900
130.0115821813959940
-1.4127904289594437
128.4407683388378132
-1.4083867184905798
129.8101629058698450
-1.4038654910608146
131.7879799432992627
-1.3995276982086118
130.6190021374268611
-1.3948903687823839
132.8950625424525356
-1.3904421652118146
129.9353164697422756
-1.3858592803614933
131.1615312610964850
-1.3812857014986908
131.2372150997368294
-1.3767478088494027
134.8048638170603510
-1.3722557123257682
136.2725558726668851
-1.3674704501520270
136.1220737900158326
-1.3629803129077989
135.5456550878021176
-1.3582181249795253
134.4741886179849644
-1.3538283364415917
136.4510230165473104
-1.3490035882162643
136.8494922154427798
-1.3445891342963758
138.5154335198158435
-1.3398855631732269
134.5040147407709412
-1.3353174948567352
134.2832740184699674
-1.3306257054463075
139.2189099806232377
-1.3260253115521288
140.7740264059307265
-1.3211528747515424
141.5465150044545055
-1.3164555884979647
139.8465893730133303
-1.3116739235773680
140.4872216170037120
-1.3068298054155716
136.7347390225494621
-1.3019480581651617
137.0654932642950428
-1.2970494335212741
138.9127662460833506
-1.2921590330883690
138.2007351080291073
-1.2873830668202260
139.2091242213565465
-1.2823934349898001
144.2638533100345626
-1.2774369915644630
141.2572621680680243
-1.2726011495262890
140.9707966194191613
-1.2676508520875684
145.1248119826653920
-1.2627258833499224
142.3849319228899333
-1.2580997429072389
144.8580282448234868
-1.2531319270580275
146.1060135611797364
-1.2482216528829106
144.8385915741791337
-1.2430912709193311
144.1454905537118520
-1.2382776322744384
144.8630631160514781
-1.2335034011791439
145.7111538428374899
-1.2285478767765132
143.4849382844670345
-1.2237513175294388
144.4277067445407567
-1.2188526807071749
143.1914175764912898
-1.2138263788680572
146.3203727376685492
-1.2087512590344986
146.9510866250483616
-1.2034222091485678
147.7926679463122071
-1.1985522099117643
147.5416976153569806
-1.1936258803939155
146.4042606548228207
-1.1884487084819797
149.0558018038091461
-1.1832315101294300
151.0657357821590381
-1.1781195821860277
151.4518280821399969
-1.1731954111478828
149.9959194000292939
-1.1679151212721877
151.7549081811955887
-1.1629456743928670
152.6422854752617013
-1.1578061276661094
151.7151457752542285
-1.1526060187212288
151.9294331591680418
-1.1474432122201774
152.0358008338667162
-1.1423729061741612
152.1889955468897995
-1.1373962357509848
151.2396687869247103
-1.1320390230164536
152.0239976426098281
-1.1268800514250630
153.5172439632097223
-1.1216969689439391
151.7532476357498012
-1.1162669586516336
154.8103758286607103
-1.1109749307937467
155.1046631917792524
-1.1059360148573567
156.9387942281408073
-1.1006040334855030
153.4998413856490060
-1.0953696041257828
153.8637053551772738
-1.0899901781272365
153.2581387210337596
-1.0846850237983563
158.7714588034932603
-1.0796182075690319
154.6665788162276840
-1.0742341313705737
156.1543048986862345
-1.0687594565125329
155.7542246586177725
-1.0634204675390073
156.0371872109880940
-1.0579859903705437
158.3138050299040458
-1.0527301128212998
161.0830510425784041
-1.0473784965788366
162.4625132405336956
-1.0422312312311113
162.1354270803420263
-1.0369962399924473
160.0541216243468057
-1.0316478280968524
159.6563610571292031
-1.0260593536988512
158.2150760827426552
-1.0206288580759388
157.5259735791171352
-1.0151848464158135
159.9159091044188017
-1.0096633016982690
159.3399430129609016
-1.0043541641424121
158.5729239027886877
-0.9991869750822252
162.4244186904709011
-0.9934710718522050
158.7249501297334575
-0.9879696430149175
160.5984802876398305
-0.9824664535671569
164.6570821515630882
-0.9768937873294409
161.0730370623880390
-0.9713507482427052
161.8413433827221013
-0.9659443508647361
166.5119875940657153
-0.9604274782429949
162.7034560083404813
-0.9549431678253879
165.1793100209089573
-0.9496735013772403
162.2490810844851410
-0.9439631160034700
163.8378350920768298
-0.9383862723637989
162.7797348458840645
-0.9330162863597511
164.8652244986734559
-0.9274706309636568
163.3603726996049090
-0.9221418434646351
165.3084725138222950
-0.9162746951854305
161.3494735376639255
-0.9104327705180887
165.7753607041659052
-0.9049538032363779
164.9017874304886959
-0.8991022345123093
169.5849630739827489
-0.8936309269446133
167.9038936423919779
-0.8881819905900765
164.6639507230139259
-0.8825265696892403
166.4543302939655689
-0.8770780970381081
164.8197931021715306
-0.8713210819346486
167.0326576664670029
-0.8655807877209513
165.7592843071153084
-0.8600829509797751
165.7683121589865323
-0.8541452271515820
166.9178435236514133
-0.8486178134011165
169.2369761614821471
-0.8429111541984429
166.6960878448354038
-0.8369495045482602
169.5041651421725248
-0.8312734170730147
165.8650625344567118
-0.8255048340327656
168.1612869140079738
-0.8198969201924752
168.0623378178445648
-0.8143066679137416
168.5313345315450988
-0.8082085430786121
169.8787113511145037
-0.8024415769430302
169.6021054059006872
-0.7965672201558366
170.0007803711291956
-0.7910173363102364
170.7369319605905105
-0.7852656807178339
166.6211525468685011
-0.7792775013911563
169.2953649788298947
-0.7732475493458604
170.4924278282857415
-0.7676010035970685
173.9458978296148928
-0.7619001030447984
170.2269174770955544
-0.7562466511263013
172.0075016943160051
-0.7503495153651485
168.8935595832778347
-0.7444604225309045
172.4328919692516990
-0.7389104654197275
169.2566653685420590
-0.7328961580735633
171.2283311556842591
-0.7271022846729966
168.4605331491375182
-0.7212950807882227
170.2168237305784828
-0.7153465411671340
174.3512922068404407
-0.7096249821635393
173.0781815148599776
-0.7038704951485818
170.2012386440713954
-0.6977209823314277
172.5307662823409487
-0.6916383003100615
171.4781751938383820
-0.6857306399796885
176.0424621473815705
-0.6797727893911751
171.5193856102490031
-0.6736454647843203
171.4497893299490556
-0.6677416174857522
170.8428157243901921
-0.6621115052725204
172.7493989339278357
-0.6560078378845303
172.7077552416054402
-0.6503000550698099
175.0627630304354057
-0.6442648413363528
172.9188101479241766
-0.6383249188828352
174.2595346291897442
-0.6322146145964106
175.3103186022740374
-0.6264108941573203
169.9926281036964895
-0.6205025023288731
175.7572571624794193
-0.6144521800629058
177.0086092712107018
-0.6083435936922384
175.5150612337546931
-0.6023788375455501
173.2531213815172180
-0.5964186481666844
177.8819542131883225
-0.5901650919500213
175.6756912436423761
-0.5841260746915049
177.1590856725188132
-0.5782262353781590
177.7613123974477958
-0.5722145976691874
174.7714841744193563
-0.5661233113321027
179.4433000144920527
-0.5601956315224349
176.4567230361819270
-0.5540124590442698
177.0272632893142486
-0.5482981573616235
178.1880710997126869
-0.5422446052579365
177.4904146240081388
-0.5360736059519732
173.3140618651993066
-0.5298292720300899
174.3207923056350808
-0.5238614345946974
179.0370398521718300
-0.5178892411581751
175.0575548350380757
-0.5117787712036296
180.2362047212507150
-0.5056300637955274
174.3660822770721097
-0.4997417896798657
176.4050808641566732
-0.4937178682127578
179.7230028975243954
-0.4877150675194791
173.9876075720542303
-0.4816962047172524
179.3411509015838590
-0.4753768582142529
173.9896771499938666
-0.4692302151696679
175.6524803784468816
-0.4631284126670280
176.6105577591578140
-0.4570585769251701
180.9756292184439417
-0.4508630702141019
177.6814346819441823
-0.4446447154496814
180.9917651617294325
-0.4387439648066628
176.2628902218980045
-0.4323295231294518
173.2217835089204812
-0.4261095300077211
177.2292060967058376
-0.4197785346572590
179.7848702040369346
-0.4136031650218164
176.5257871981655171
-0.4074056892340073
178.5619905229596043
-0.4012250954732391
183.4397246114025677
-0.3951007121444791
181.4070921037450148
-0.3889067904689458
184.3323108212129853
-0.3826458580701998
183.0112759248762018
-0.3767285042853839
181.7221568218624270
-0.3707374551016154
179.5348345865027397
-0.3643198946169784
183.4533089775634380
-0.3580354552344300
181.8432181914672583
-0.3519177844178990
183.9974217191014816
-0.3458315082254567
180.1814922788119873
-0.3398277785774285
179.7243351971536356
-0.3335993886299650
185.1507399881157028
-0.3272574543397403
180.7250567238880308
-0.3210104262179658
179.7718220090700072
-0.3148665423652655
182.1013276294007710
-0.3087467282132476
181.3788457010299453
-0.3024496252428021
181.6867437673202232
-0.2962664861335743
185.2993347073877146
-0.2901501247102778
179.4285758550482512
-0.2837520100378342
178.6546047067956238
-0.2773055953331324
181.7448594260294499
-0.2709432567611149
183.6447924567280836
-0.2645837698448589
183.3385513356929835
-0.2585441029421421
180.6580179870856000
-0.2523691312676710
185.8625860871960072
-0.2461201394072700
181.8650131458846602
-0.2397459569152282
186.3077746925326039
-0.2334425354504079
182.0775247330794571
-0.2274316653344017
184.6844272142796513
-0.2210681961018018
187.4445890363024319
-0.2149357826116789
188.5438671126642589
-0.2086238025463478
185.4157653625290436
-0.2025895411491288
187.0296672653837504
-0.1963694369401741
187.5547269238493868
-0.1901982675798216
187.6332248095784507
-0.1838969314967192
185.2187902964278976
-0.1776036331960243
180.8047955025718068
-0.1712286467326493
186.7858097334904244
-0.1649549894555153
191.5610412738907939
-0.1586318808013663
186.1772067973620892
-0.1524239742963608
187.3515545214547160
-0.1460973706880621
186.6299858386906010
-0.1398578597007752
187.6280143867179220
-0.1336732990267308
181.3949597409909700
-0.1272859057563798
183.3416248888212863
-0.1211856612479596
182.9105528489685923
-0.1147262735224431
188.8674990359675405
-0.1084032530629697
187.1205180892730482
-0.1022981272570135
186.9653268420038899
-0.0961777510641587
187.7461857111876498
-0.0900339922890208
188.3356593792628075
-0.0834356012189475
184.5966662528787765
-0.0771710879671380
184.4708160972305109
-0.0709161014422596
189.9238673499303331
-0.0646343197624799
187.1936279660826301
-0.0585139877555943
194.7394837184185121
-0.0522150852198485
188.0203173706266568
-0.0458822383081629
192.5894197998978825
-0.0396303810559415
190.1805853614566217
-0.0335551361989602
188.3159792816936431
-0.0272433479769253
191.0499345679510270
-0.0213506278819984
190.1176676368650931
-0.0152426789919226
193.3706376814416501
-0.0091116159271668
188.9817451153584216
-0.0028427839641503
190.9019168241770501
0.0032232170835077
186.1507925523988263
0.0095983885897599
189.9495570846829082
0.0158302282738708
187.9806564014919843
0.0222008245543724
189.1835941472756417
0.0283236391785099
187.6064371906767292
0.0345671205316973
188.3098430284053393
0.0407702074232419
189.2178007615252113
0.0470542678897973
189.1835486001729407
0.0530956417332948
189.4590746855233476
0.0595665013392517
189.0576819020311348
0.0659097927834624
189.2258675782082946
0.0722093245077690
187.3973650312263146
0.0784481788392981
192.7413047598022899
0.0845729045055845
189.6618509049366992
0.0907154021411762
188.0667703898083403
0.0970682552804572
189.8318002156210014
0.1030895650528514
192.8278666951415516
0.1093411449419650
187.1757034548023455
0.1155976501861008
184.5163207057201475
0.1218727998341168
185.9524974391457590
0.1281954793429951
186.2830941446148074
0.1346506479459286
187.4625869590204275
0.1408515465760574
188.6253025837627888
0.1471001777252023
187.8183905198191042
0.1533269413973538
180.9876024394579872
0.1598547765861779
186.1018798086825257
0.1660396021511627
187.1317146463786969
0.1721158037289682
184.0510975526957509
0.1783480419413052
182.6285986288394838
0.1847074555834867
185.8436471692920406
0.1909221931246745
187.4448002882644175
0.1973167343982127
186.1688140909098195
0.2033594445387963
186.7095698110379089
0.2096151107190463
186.0559507713194591
0.2159138440387799
185.7117750715142677
0.2223467352463136
188.2000666250880556
0.2281265598744327
187.8925840474741165
0.2344028176998969
184.2985643208076851
0.2406174384668698
179.8021015032925902
0.2468575262314688
182.0988137249208876
0.2530863106092633
177.6985179495986813
0.2596292704043871
181.5115038302226651
0.2659878727857404
182.7456792473555538
0.2721306640567560
181.8942226601787411
0.2783079474210311
184.7608765556691139
0.2844694577511709
183.5132388585478509
0.2905745232131063
180.4686662873158411
0.2966557396833968
181.1689358518310655
0.3029368515580325
178.4462533782427158
0.3092001406294784
180.2238346372140541
0.3155494421453097
177.3085370192441985
0.3217781859256632
182.0160254223425795
0.3281537509456717
181.5727549372969918
0.3344169593811243
182.8596168805149489
0.3407164434486689
176.4821577202334595
0.3470495165571388
178.4766258159227732
0.3531024966747502
184.4140182999307456
0.3589951398665487
180.4652937920135969
0.3654675405573027
184.6688549590145954
0.3717731151309965
180.8437774329175909
0.3777164597101889
182.7788948991773168
0.3840757207132187
180.8708047950888442
0.3899548682754680
180.1628907183138608
0.3961652455707108
179.2683909384459753
0.4025121065009970
183.0142714563285438
0.4087048716481471
182.3849108529763896
0.4150278615866763
180.9210637628043230
0.4211017979915820
181.8802132797715103
0.4270485088054497
180.0248043390474209
0.4333169267023471
180.6240813091667405
0.4392997090574983
181.0040066156875014
0.4453908987183250
182.2183434567304801
0.4514135245240624
178.2487714411207378
0.4574470473210798
179.4626113161309604
0.4636747988502740
180.9482153346248481
0.4698588804459625
177.6699671583512554
0.4761914288900080
179.5324423557584339
0.4821701547095205
179.1418583989841125
0.4884433854786851
177.9620904496203764
0.4944951556635349
181.7687451906603542
0.5004450977473943
180.2131546889634706
0.5066405593320386
177.8504644196508480
0.5128163311393540
176.6448103502463880
0.5188353630478219
177.4773502483116374
0.5247762048239550
178.3328865283877178
0.5307862697317925
176.0907773457799692
0.5371091345469978
181.7779491646039389
0.5433532805924763
174.4870183425534265
0.5490142997950700
174.7741452257724575
0.5551027097288989
176.7224001517726322
0.5611216579574819
175.2263806680040830
0.5672910739653179
176.1556240290105393
0.5732052530153896
179.2177018819722889
0.5792393622686339
176.7448981168079456
0.5850967469504453
172.0084131222843382
0.5913078116809969
175.5755668016874722
0.5975449376668279
176.5959124538379683
0.6032543093776891
172.9674298373109309
0.6092674332704399
178.3178783758751536
0.6151411091805424
174.3804658790796225
0.6210706395743516
176.1914194501082136
0.6270559977275724
173.4087030949986001
0.6329946903306691
173.7830284530412541
0.6390536015737276
172.8837481462134917
0.6449860118982436
173.7669363940250662
0.6508243616776342
179.3068581379993987
0.6568043344029600
174.2590664068731030
0.6628468461366710
175.1707217463590212
0.6689815794181130
171.4446586676582456
0.6747343877196138
176.5907573953641929
0.6805194985903910
172.2246610529917348
0.6864926049748084
171.4971201678255568
0.6924365000127658
171.6295000711884597
0.6983832925082508
174.6353716851477600
0.7043148821731718
173.0718825625225179
0.7104111898181845
174.6336770120911410
0.7163739932398209
172.5928604562834039
0.7222891553707843
173.3872290998399990
0.7282227415612759
173.2402478705984663
0.7340272850624679
171.0779200624841110
0.7396574828210216
171.2174380803041629
0.7452571121319412
171.0904551722756253
0.7511218702788991
174.6627553481129951
0.7570874758217588
169.8128308648776965
0.7628156388758915
168.7167604612554612
0.7686894179117595
169.3795729201350184
0.7744897395628784
169.5383120813464473
0.7802549515784922
173.3822667685902275
0.7861308220626736
166.9806347588129825
0.7916694748121637
171.3288852440909125
0.7975581381012325
170.3901226965846263
0.8031407520269336
172.1277510472574193
0.8089953909792426
172.1385815609832264
0.8147381230999815
170.6330481443213785
0.8203924852178586
174.9024960934678461
0.8260959832546224
168.0850813279078579
0.8316642119453873
166.3885188610494765
0.8375035504989558
168.1043492585924639
0.8430726200574716
165.5001571381593806
0.8487819468853219
164.9556575334106583
0.8546240450929339
166.4142096157627861
0.8604007242109069
165.3098499561869517
0.8659091355779731
164.4241529455667887
0.8717291040733578
168.8561229487151820
0.8774270826320029
164.8375695428790948
0.8832365204413356
165.9042575367969334
0.8890511443172872
167.3980940118569833
0.8944871341193502
166.1896737269597679
0.9002265943762713
168.3306604602706500
0.9056826317199033
163.6212512674512709
0.9113277445517658
163.4416859966478341
0.9168894128646798
162.6139537617645772
0.9223208717585132
163.6799600416964040
0.9280418174364364
164.1854545735880606
0.9334478779326644
161.5366615515751789
0.9391089359645797
161.7783032723326642
0.9448856004854571
165.6498369414640592
0.9503822068691425
162.2134802442161856
0.9559519118351932
164.9222851355073374
0.9617065829248321
162.3156736351742211
0.9672063285736819
160.5925879784303163
0.9726264866899094
161.9874320247090225
0.9782163680612239
163.4141943995313397
0.9837825817852214
156.4664969552985099
0.9891950432369647
157.4769720772846711
0.9945924802841055
159.8286534883573609
0.9999291544538276
160.3059829230907667
1.0055200459219036
158.8229981019176762
1.0108029310876181
164.3224142381127422
1.0160574328264325
159.5208363100574047
1.0211658098474554
160.8502180393953438
1.0268596138152619
159.5598761952936684
1.0322189090813865
155.7359465440739257
1.0376666981156357
156.8928185844319216
1.0432746234272134
160.2079778146297429
1.0486209814821417
160.1634439211715062
1.0538006737679810
156.5720815437261138
1.0589200513558625
159.0095408692004355
1.0644890216269633
157.5621831180501715
1.0698295195533387
159.2587425110293964
1.0750756357684041
156.0286016866250804
1.0805491489131112
157.7234274936860174
1.0858091881983940
157.9996568497078329
1.0910211768752012
154.8341597422002849
1.0964178106233877
153.2222507303156931
1.1017356342774014
154.5216790995902727
1.1068268537048283
151.5632522489843268
1.1122196413755270
153.2183456196094937
1.1174044698809511
154.0310274389234166
1.1224536719604683
153.8627504120724154
1.1275079268411683
151.9698279592726351
1.1326614808585078
154.6876175751502842
1.1380376536976928
154.2572166513396610
1.1432380926956895
150.8950709474434859
1.1484483115204416
150.2759354984074491
1.1535927174303935
153.9579014857067705
1.1586327742079821
154.0731392291797306
1.1637395713663392
154.1666281759849824
1.1686575051609653
151.4780223887946988
1.1738794008892768
146.3702764274265462
1.1790503009334434
150.0611564513891381
1.1841580286383213
150.4759853970411712
1.1891786283120147
149.5433014085330967
1.1941661128553815
149.9191764695698907
1.1992142249273425
150.4705835443857325
1.2043716172373569
148.1713378720962453
1.2094872253502900
145.4247212621920085
1.2143498657681173
149.6236960058750753
1.2192946540705067
145.6363515746254507
1.2242425130662808
146.0546560532833382
1.2291336211789639
141.9606700907859249
1.2340996091673129
143.9580847682107958
1.2391320422415211
141.7693485447035471
1.2442045957959067
142.2713637575015468
1.2491015424218601
148.2726653071880492
1.2539152795040376
145.8901817132291683
1.2588618452276807
140.1064254745054996
1.2638258882884950
142.3495935183134407
1.2687136898245668
143.8059554671728222
1.2738657677490155
145.1945549297056743
1.2787578612382666
139.4099795755125228
1.2834301592341879
142.8688400012458999
1.2881298071650016
140.8726332364425957
1.2928834089555321
140.1208797714001548
1.2978549123173051
142.7257249094436702
1.3024310543576245
140.3312516630882953
1.3072474129071485
135.1497456198337659
1.3118368239730416
138.7555273872829957
1.3165613675383541
142.2828662028426265
1.3212993490811591
136.1261100065487994
1.3259963482820656
136.2105129268944950
1.3308069105413967
134.2840953023736006
1.3356022573858521
137.2809409105648513
1.3405058913234427
135.1123827479772501
1.3452275110195278
132.9923179055693936
1.3498889846712776
134.0366538095319697
1.3545831932362131
136.2228743645632676
1.3590416744366980
133.6363397643405904
1.3637376181264185
131.1132270838254783
1.3683064477356066
132.7824604899508927
1.3729860857130429
132.4693539961911881
1.3777824513282284
132.3602513944099428
1.3823284665911195
133.7062306034849257
1.3868089175858225
127.9322747625645320
1.3914761407934166
131.6167726266633338
1.3959598825066153
129.2981586353331807
1.4005973512712901
128.3801611513161731
1.4050513610980817
130.1783264959105679
1.4094634037078573
127.4720525962002142
1.4139218168918350
127.9781372860111048
1.4182556321243713
128.3028488670814227
1.4228219469390060
129.5066276832870926
1.4271935988351634
126.1093070110567851
1.4317064309006782
126.6125639118730390
1.4359542304049244
124.0855749768917349
1.4402063841941972
121.9222522041598751
1.4445945889676879
123.7078697808523486
1.4490819618932791
123.4509054939764638
1.4534315953159256
122.9730449873260056
1.4579808456583219
120.0365867890229339
1.4623154571509813
124.7859780517771497
1.4665797178140045
120.0744159572660692
1.4710823615752131
119.0097617234502110
1.4753628722477823
120.4746787209668497
1.4795250950232695
121.1181549871743499
1.4838115551757418
119.8042845401695615
1.4880488653009516
120.9032830070358528
1.4921283412449486
115.6048223608190000
1.4964061964982840
117.8963935622482637
1.5004860825367876
115.6113247843959471
1.5048029009240143
117.1669985785145940
1.5088932923096796
114.4499581287392971
1.5131836987113154
114.9653722731529086
1.5173414579973321
115.9800967181922999
1.5214188687539085
113.5102952604188573
1.5254609785587827
112.2958997614596370
1.5297243020192492
113.4699482297173176
1.5338543107047229
110.5232676063299806
1.5379757713129198
109.5488600409685205
1.5420416371537964
111.1518332243640543
1.5460931688754811
108.9516005205886842
1.5502095085840739
109.5838798762885204
1.5543497436933442
109.8929577090682557
1.5582077734561721
110.6447990827132344
1.5620400318273113
107.1378995577138795
1.5662797795129695
108.4790650487720711
1.5701553462344813
107.8866251573596742
1.5743241987439662
110.1548623229354860
1.5782846381642521
105.7765953151051406
1.5821637679764951
108.4202596960551546
1.5860109995476861
107.0445186879725554
1.5898742062452724
106.2143142388241870
1.5936940966045692
103.1985221123096608
1.5975170680775514
103.7523240294669336
1.6013772456124387
104.5132399169880415
1.6051246237529886
99.4749382063839107
1.6088452366725579
99.6413518773455280
1.6125354496752207
103.0273356310299420
1.6165080526632873
101.1335730473757337
1.6202785652348672
101.1158550585990810
1.6241465505270853
98.8553491972549381
1.6279006777188139
99.1956365024617241
1.6315169377809180
100.2517210906599985
1.6351237228594220
98.6608648399503920
1.6388627074253235
99.4606888221116634
1.6425213224456834
96.4417914381688348
1.6463273388480857
95.9259534098535198
1.6499843909459968
93.6337468541633342
1.6536974779775544
93.5829726097355206
1.6572689671234393
95.5204896436181059
1.6609654281860706
91.8551161958654063
1.6644995803366474
91.2973377773006831
1.6682900075395470
95.0119608108772979
1.6718307858555752
91.1601779883210384
1.6754371900541838
89.9796334224352137
1.6789456308600088
89.4545500107665958
1.6825605422842105
88.8377808816232317
1.6860894779068405
87.1383553876148227
1.6897298031604824
88.2531627762491553
1.6933627956203428
86.6215079751742394
1.6969277181867148
87.5905950751166671
1.7003652685713342
85.9759979144747177
1.7038270565423457
84.4587558201083226
1.7073105156959487
84.3757311524339002
1.7108812328939491
84.3860802084513182
1.7143256158857791
83.4441714326979138
1.7175500895740818
83.2284640746754292
1.7208679963886455
86.0759502208545797
1.7242132443375686
83.0143301158395275
1.7276805139813451
81.9064540013691982
1.7307528672897137
80.8939600900678073
1.7340433158622683
79.4481864136683100
1.7375699869517416
78.9530595010011496
1.7410405842374297
77.1732559357482160
1.7441906710487407
77.9202607960051239
1.7474716758307700
75.9211332252521913
1.7508543717482783
77.6762305458932758
1.7540720137031911
78.4263640859830531
1.7572255038033870
75.5003324262894893
1.7602321422098581
75.1543756283031854
1.7634969353057737
75.2981535381663747
1.7665933070187556
73.7369260411232830
1.7696847197952930
73.3614543420519851
1.7728609521816883
73.6292290905106768
1.7760500656423126
72.5640837529537208
1.7791419776317299
72.6203300235618201
1.7821190839301595
70.6131917014318020
1.7852232840573785
69.9850709780422306
1.7884468762070422
70.4128283495955856
1.7914930815448342
70.3465161560355341
1.7946846564273209
69.9764425645168160
1.7976938388881556
71.2180531877805691
1.8007276940743606
68.2399631045939259
1.8039001918537250
67.4157444369753875
1.8068961984753014
69.1768759517893272
1.8098290373830692
65.6349181826053893
1.8126975221626320
65.3580662536465695
1.8157790531474973
66.2947266207257826
1.8188025948830056
63.9024600662637141
1.8216794532130691
62.2412053271012766
1.8245624956784352
63.6940158089101232
1.8274993427003565
62.7843359174052296
1.8303581463736665
63.8723043004747879
1.8332401395359623
60.4206727395202705
1.8361325041211116
61.0330324570048646
1.8390242907973249
59.1697941252027704
1.8419731914409472
60.4280746871605530
1.8447494301356686
60.7180342976176988
1.8477530234269517
59.1635598877029096
1.8505649164329698
57.8768641442311988
1.8533562016810405
57.4531997046692027
1.8561487159036862
57.4807991903160271
1.8588338487549194
58.0575759603631028
1.8618481109530458
54.8668887947775303
1.8646067862663567
55.2762631374386260
1.8671667033472663
53.7301535234184087
1.8699838050781583
54.5579917937367966
1.8727136381546112
55.4269883690699174
1.8752728837578490
53.1687307703774792
1.8780502760336064
52.8147737531778461
1.8808368431368112
53.2722995826051928
1.8834585358389353
52.6692261325896780
1.8861445504545391
52.6658279723535330
1.8886927696403641
50.5262788736720339
1.8914691096182570
49.8870121168749208
1.8941935738372966
50.6240232445873772
1.8968364568823541
50.6072961007610829
1.8993852825725110
48.6716198529819550
1.9020007135192494
49.0020612256344279
1.9045955307091678
47.4575478409840343
1.9071726056420852
47.9909536357430468
1.9097389950884722
48.1410373123612629
1.9123677112306865
48.7704337594409054
1.9148728696172241
48.3960496338567765
1.9173736943810398
46.5818263617999122
1.9198642968060937
45.2282923654642914
1.9224416473137884
45.1309435299950650
1.9248451776032809
46.6849321265947594
1.9273470633080603
44.6606270789614328
1.9299376025005890
45.4335124186373207
1.9324713371504307
45.3695514819160195
1.9349241154431405
45.4676960835737489
1.9373309026652030
44.0981127762479304
1.9397900974359621
44.6314136524229070
1.9422050125429975
43.0571796668505584
1.9446583197359111
44.1563271055243547
1.9470189924427350
43.6967040810226450
1.9494500303669202
42.5937599201206822
1.9520207193423340
43.4985401183727234
1.9545301316140931
42.9096562639307919
1.9568224930056588
42.2795917397843084
1.9592545472749974
41.8617113538551351
1.9616190685029720
41.5538152992983711
1.9640834312379039
41.2349201382646839
1.9664211097941693
42.3706510526856732
1.9688628843027560
41.3525846034608762
1.9711863738640709
40.3389199889286374
1.9735036385792599
40.6690606116724638
1.9758045071178902
40.5701734073351119
1.9781476484896519
39.8382721737695107
1.9804423141080023
39.9183687933031024
1.9829291455577842
40.3336716464696821
1.9852972235061472
40.0082420882862309
1.9875682047260090
39.9707946295869760
1.9899923048849699
39.5612617923044283
1.9923407462612068
39.6456543316691352
1.9946603000951877
38.9706780285159908
1.9969700887164761
39.4471551099859212
1.9992450189370252
39.0117494047991258
2.0016372842963563
38.1108217094229573
2.0039441554785338
38.9413078608865462
2.0062188651642576
37.3088937637198299
2.0086582681054028
37.8374749118185107
2.0110573466992840
37.8875717150253664
2.0135532053963492
37.6391049755433045
2.0159894854142180
37.5218893636583957
2.0183308268617646
37.2373920892307382
2.0206664086912927
36.9865777345665876
2.0230082988747400
37.5577325047903443
2.0252989744829999
37.6950310730767555
2.0277376844310560
36.9953828710811834
2.0300481736154770
36.6127027141580754
2.0322933503016283
36.2112489893745177
2.0345661840146936
36.7203098118987228
2.0368259639888127
36.7630854227643340
2.0392740292340537
35.4757223950882405
2.0416116872693664
35.7467221339354992
2.0440580403319206
35.8929326764809460
2.0465749536170725
35.9598166323416848
2.0489712045201163
35.8356510832898820
2.0512907413475783
36.2130015221916324
2.0536182777877960
35.7843893835603737
2.0560134939865087
35.6010403804673530
2.0584664172654041
35.1288104595321329
2.0609338541595839
35.6654366170508013
2.0634622166400289
34.4453622382451599
2.0658758702709061
34.7035012943586736
2.0682070390180924
34.2703007231845973
2.0707154961355805
34.7901427510453232
2.0733095828252623
33.9832024516697189
2.0757790451182259
34.5723977040718395
2.0781797038457830
34.8062359208337142
2.0808012305841523
34.3084222700210546
2.0833338300810831
34.2314693453191765
2.0858932310077951
33.0811542260554248
2.0883563618700389
34.5327438667109092
2.0909363020746627
34.1803358359143346
2.0934211257240785
34.0232117800506444
2.0961586983188911
33.2938008729521613
2.0988581691047252
34.4458855341926125
2.1016011679168645
33.2709013813629113
2.1043406957904858
33.5009835405334542
2.1071790791505385
33.7026870431707266
2.1100260964338746
33.4427305480775132
2.1129614409654578
32.9469052257509034
2.1159049325394275
33.1434124286382428
2.1188229407485619
32.6047282741619426
2.1218606197827392
33.1412979142992086
2.1249478275963174
32.9748420606981227
2.1281653037592614
33.5795837416779577
2.1313629811446417
33.0157889622091076
2.1347402851601429
32.3036084699203627
2.1382750516891602
32.8354801885067644
2.1417873100661868
32.9398908598076687
2.1452649454575003
32.4414922573528415
2.1488928666938252
32.1485434379321120
2.1527588570262663
32.0488613948137626
2.1567555220280710
32.0548705369319791
2.1610798010071330
31.9735238440091969
2.1659145865629905
32.2045254814718973
2.1705676317692117
32.3949602325314885
2.1755289602909547
31.7497718549450845
2.1809311992105846
31.2968194732703218
2.1870858442981067
31.4206683251950096
2.1937473403224024
31.7076098340876200
2.2015529984174020
31.4440024983284481
2.2104419524453167
31.3033387453972338
2.2212670320383787
31.6379089827641202
2.2360221656173911
30.2080725259286957
2.2603721242179220
