29.6033678155073474
-2.6178016527348809
29.6906141415454563
-2.5762410696841043
29.9992038472817448
-2.5491106705644277
29.8922039702457560
-2.5291122302629794
29.8991674315812155
-2.5138086113073141
29.8222708616664036
-2.5000227640306547
30.2427789896037993
-2.4877768771869211
30.1991139378128004
-2.4759690762261553
30.2862181401626955
-2.4662502635404073
29.9275206058221706
-2.4564330015592488
30.0307777883809734
-2.4473425033249288
29.9179086200050435
-2.4388369698993575
30.2215349885447999
-2.4308345642365827
30.1651991173306904
-2.4238011455085835
30.5785127664390721
-2.4163952571651492
30.0021465573840160
-2.4092369355783756
30.2882936515585399
-2.4030711171166725
30.3180198281486390
-2.3965539926134758
30.2498667266241270
-2.3900443006075744
30.6420105146022692
-2.3839146349737841
30.4859154973695361
-2.3780015185829182
30.6316364652661832
-2.3724428283892700
30.5898250394444915
-2.3668644774088863
30.8446827586090713
-2.3615620446845171
30.6020340760410789
-2.3564246740390300
30.3567349803218853
-2.3509954227326033
30.7284667782811383
-2.3461102402889820
30.2863235740286108
-2.3409583749382152
30.7617711748323366
-2.3359108989342201
30.4518657449611077
-2.3309815215803611
30.8154628320795432
-2.3260395263358054
30.4352151648272304
-2.3211281443420249
30.6694526245012611
-2.3162568702621380
30.7772835653394132
-2.3116762474828487
30.6198362289113639
-2.3070388828529551
30.7469303882638840
-2.3024060748742170
30.8313388961223573
-2.2977584572409651
30.8439309994669273
-2.2932443047180913
31.3105911732770963
-2.2889398930560034
30.8266155802997162
-2.2847286418511752
31.1359674586328943
-2.2803508140341258
30.8764426003516412
-2.2758218270680013
31.0386372368799037
-2.2716821788703911
31.0372959681710086
-2.2675717052190678
31.1034179084742917
-2.2635401340496908
31.9546076416690923
-2.2593726450055542
31.3999601562022654
-2.2550728178535557
31.4427196671848179
-2.2509592081831791
31.2575448151335920
-2.2468030000191925
31.1870547284762480
-2.2427200150464346
31.2757607178945491
-2.2386369284992651
31.2576793365132559
-2.2345396436189757
31.7818325049925683
-2.2304742333582310
31.5140483485429712
-2.2265019287032688
31.3586864273956181
-2.2225913660612022
31.2207308252326285
-2.2187740523844108
31.8344021973590863
-2.2148821906476797
31.0525074838659698
-2.2108681221334985
31.2632886161475803
-2.2070125184936016
31.7236250699666265
-2.2030265210388151
31.4826262687291205
-2.1989746075528602
32.1733682552596889
-2.1952272407450582
31.3695691023637409
-2.1913271521350044
32.1098249921304344
-2.1876345846693046
31.8625849000925747
-2.1840047756985950
31.6690984564814286
-2.1804677853325010
31.7060180822616076
-2.1766848845932492
31.3595023680794718
-2.1729766164396236
31.9939839962869819
-2.1691229682350892
31.6002549976292357
-2.1652945141431248
31.4484570533373429
-2.1615440556609911
31.9543512039476560
-2.1578720165875449
31.8351199888814200
-2.1541732237837175
32.2688221425824651
-2.1504172814667442
31.9345300315891691
-2.1466500267137185
32.0650578335559544
-2.1427823505226811
32.1117031080113406
-2.1392289240801947
31.8747675632987040
-2.1357020493761372
32.5041005305524848
-2.1320981131913914
31.6633657442824195
-2.1284471730100125
31.8694385650656109
-2.1248263648734937
31.9830051159677495
-2.1209851186023170
32.8500069908204892
-2.1172962221456824
32.6867341453553450
-2.1137568494644374
32.7791530692891939
-2.1101633047457677
32.2917396998298258
-2.1066754685551863
32.5087277588339987
-2.1029992412053540
32.2376373706412735
-2.0995515756069310
32.5386640631680493
-2.0958031768780638
32.3472027054819122
-2.0921034025691387
32.8794719705758425
-2.0884851675779039
32.7895350600677986
-2.0848928115400902
32.2908432213538390
-2.0811799237478659
33.3395101606237745
-2.0776714409755699
32.8806019916569170
-2.0739854516084897
32.8901639902219429
-2.0701493701394824
32.9061850422698541
-2.0664906984671281
32.5395499080689845
-2.0627130989617877
33.2225186541651070
-2.0589958824466765
32.9209064868355199
-2.0554640511903757
33.5275448520499140
-2.0518039694384771
32.5355577485542327
-2.0481982319134708
33.2009362276651316
-2.0444094248799765
32.9478373447414157
-2.0407010767662688
33.3923153367447583
-2.0371181382857206
32.6077116535182725
-2.0335245426417177
33.4709504881267321
-2.0297340444276890
33.4476613429018457
-2.0263396267087312
32.9030816043382472
-2.0226036266825216
33.5297180260662486
-2.0190282252530811
33.1476427095407189
-2.0154666775394214
33.9543335518168519
-2.0118531311007062
34.0976506791376650
-2.0081758023661811
34.0453837903890459
-2.0046902212231861
33.1361493366691704
-2.0009897550641260
33.4905145057614959
-1.9974238013518200
33.9586423506018988
-1.9936522631092222
33.7217058755158163
-1.9900874311092416
33.5764738460089234
-1.9863912539131376
33.9749080048920362
-1.9827330156695291
33.9366500000242794
-1.9792109971706713
33.8062746592516419
-1.9755768173603809
33.9473314981747762
-1.9720137045066422
34.4817886305232975
-1.9682973233085361
34.4338878151773287
-1.9646605445472687
34.2762080334455490
-1.9608392303516675
33.6041101289271040
-1.9571391726981888
34.1453340374985501
-1.9535506399165301
35.0507471592199593
-1.9497430957418664
34.0684152502072877
-1.9459457887935587
34.2726962163178968
-1.9423882015492728
33.9345562045966460
-1.9386524854555640
34.0562694963320780
-1.9348838615052306
34.8069259048012043
-1.9311115991586525
34.8573461440698438
-1.9274237850180094
34.3572125842785709
-1.9238366907715527
35.2972442433433784
-1.9200961832005474
34.0051543824840934
-1.9164467568391923
35.1755002794508798
-1.9128455718072785
35.6849464575168795
-1.9089642604399750
34.7434245050118591
-1.9051407981372228
35.8800663906179977
-1.9012896459682977
34.8904498658232214
-1.8973886733021288
34.9597376309826586
-1.8936109143176325
36.1407147492226173
-1.8897972587550820
35.4325335985637651
-1.8859064888773178
35.7902648112397301
-1.8821271552214498
35.3771927286665075
-1.8782767486456808
35.2768325193930963
-1.8745623486222760
35.9424630563827350
-1.8707503204755678
35.3552232261908088
-1.8666761629515074
36.3539906033346014
-1.8629495267802736
35.9452693270162911
-1.8591202006212850
35.7986593542713720
-1.8553130175232648
35.8829096311269780
-1.8512971580652828
35.3390327770255439
-1.8474188670169636
36.7042307393768112
-1.8433805612168523
35.1388375972093456
-1.8393994511504850
36.2023202048292205
-1.8354681383628719
36.4957261655824894
-1.8314270217954689
36.3695407640649648
-1.8273349073351006
36.6925904622154988
-1.8234941854752849
36.1024335160100520
-1.8197296802801297
36.7531362696701436
-1.8158024567514601
36.7297533379100329
-1.8118819007385749
36.7910041256333571
-1.8079501792499131
37.1562678144714909
-1.8037970750556902
36.9965419986080022
-1.7997859502381037
35.8616330386044737
-1.7955376939968097
36.3039993702382731
-1.7915304945219657
37.0603890432656016
-1.7875176240982467
36.6352107764458523
-1.7836478150818946
36.8461406001060112
-1.7796313179392236
36.2191784196797713
-1.7755936138176938
36.6515158704099164
-1.7713736808548894
37.1435170186464632
-1.7673576714400241
37.2314484042015721
-1.7632524822433040
37.5935710062851456
-1.7591433672414785
37.9613182485256431
-1.7550416481694631
38.1194473042580668
-1.7508228955030749
37.6166700648387007
-1.7467463275102262
37.3249494051325286
-1.7426855120002307
38.4724817702695816
-1.7384387095300746
36.9160043065551307
-1.7341360613271732
37.2064339673997893
-1.7299896343547680
38.2623780135861011
-1.7257989004305205
37.8869339920031365
-1.7215145320500485
38.9786253680320840
-1.7174552214792109
38.5697022905494507
-1.7130917013449052
37.8373809859462114
-1.7091449053204246
37.6756518272828416
-1.7049248884005701
38.3977523442786222
-1.7006396343463217
39.1216762280486208
-1.6962709088189294
39.3290798629753908
-1.6919428694991103
38.5079974515463590
-1.6875655309488309
39.2923925137035823
-1.6831899962391910
39.3524010793953209
-1.6790190295160441
38.8006227382711657
-1.6747744857625222
38.7914258850441556
-1.6704966435894200
38.6628523874714389
-1.6661314250644033
39.3460627493069026
-1.6616607685855955
39.0532532000223256
-1.6573278196923960
39.8028841611132123
-1.6528647238410268
38.9338946103940344
-1.6485333428633926
39.1686759353666787
-1.6442072371335923
40.2753145260911509
-1.6397322908548226
40.8245844686181556
-1.6355188954972133
40.6341834103944350
-1.6309819822712808
40.6146046485451322
-1.6265234855672628
39.6561277935015326
-1.6222125024993723
39.7666354962924373
-1.6179064575993238
40.9281286294068991
-1.6135888053154197
40.5906368958113433
-1.6090185045985608
41.0965229654389219
-1.6045705713429745
40.1947887600416891
-1.6002458491218960
40.4385338110236248
-1.5959579293505588
41.0085240465915177
-1.5913371367685472
40.9824481877888260
-1.5870026124260439
41.8611666891995569
-1.5826381968393655
40.6940222831010843
-1.5781239920862085
41.7435612960623246
-1.5736540979333735
41.7011964521863803
-1.5690930364801146
41.4623065260481667
-1.5643916825650828
41.7686910290459537
-1.5599478097987536
41.2441786953493335
-1.5552062607387418
42.7605460767130907
-1.5506361038360650
42.8420398360433907
-1.5460137711956310
41.3379417860056009
-1.5414495617746846
42.4929020617236048
-1.5366926228125353
42.6554012409254639
-1.5322696373083575
43.0384439978082511
-1.5278114201609327
43.2388404000823030
-1.5230985248654922
42.7467359313374615
-1.5183390751921231
43.2366760118260416
-1.5138971216359693
43.9253574518729835
-1.5094415676823698
42.9995194306140931
-1.5047564436233187
43.4867712190879061
-1.4998961139695255
43.1107500632863960
-1.4952788705418134
44.5154255903584044
-1.4906855785366513
42.9814678210878114
-1.4859121651484344
43.7129325127905375
-1.4810273333300423
43.8378665945638843
-1.4763141221410672
43.9310052885142781
-1.4718209344320101
44.5196328373688601
-1.4672559980923086
44.2498296053679354
-1.4622473356572696
43.9823315620381479
-1.4577001278171471
44.6328338882059938
-1.4525872301672249
45.8232720105159643
-1.4478500798570668
44.3396738964092449
-1.4430307516271568
47.0159536184207454
-1.4380233539528400
46.2749303087306956
-1.4330728672880810
44.8031772004891948
-1.4282951565613151
46.3892994446424396
-1.4233981419382156
44.6433299874017990
-1.4184650083362449
44.9181292633540394
-1.4137329897425499
45.8044874267635009
-1.4089671121690608
47.7273054893087405
-1.4043139025763591
45.7987058309552779
-1.3992568939455223
46.9572735018871867
-1.3945168855257093
47.2376253964880775
-1.3897570652671174
45.9556435220005355
-1.3851336716684015
47.5836497324562444
-1.3802468203602838
47.3464334934638416
-1.3752858368705241
46.4778703676722387
-1.3703566317590856
48.6297972666029921
-1.3653207580356042
49.3791011471689671
-1.3606302015228129
47.0618559222356012
-1.3556927510769476
48.0748308872945103
-1.3506488134234997
46.5642537996735797
-1.3456624198460514
48.4150024966575288
-1.3405082750109634
47.9639536399225506
-1.3354485701562522
47.1386323000541694
-1.3303052911777007
49.8856130052318463
-1.3253465447742372
48.7039672820351299
-1.3202457090953541
49.0565618924799764
-1.3154039188997408
50.2152407009879980
-1.3101738654924435
48.1832944270183248
-1.3051650169172468
49.4714241845988738
-1.3001155497818468
49.5769815286548550
-1.2952959506516974
50.4253951157130231
-1.2901856518199613
50.9110416268252806
-1.2851892262763276
48.7088417099905655
-1.2801212609927366
51.6253924685462167
-1.2748848402425221
50.5004845553321431
-1.2699738154171025
52.8134442762244092
-1.2648831602746782
50.6137262554064407
-1.2595410240774645
51.3901185610785589
-1.2544506314533805
51.6766514550023501
-1.2493265944578069
51.2219666127730235
-1.2439819318334537
50.0704464574354731
-1.2387611651637129
52.3125100666705265
-1.2336048377088371
52.1514509278823724
-1.2282988994263775
50.9375595457297266
-1.2229751229969750
52.6090364051315476
-1.2177216210164734
52.6917807641353164
-1.2125269081504191
53.3698620912980246
-1.2074027657964808
53.5311878052849437
-1.2021554292981704
53.4824936190129918
-1.1971103920719555
55.1840705822158597
-1.1917974034413781
53.8652909216795095
-1.1866794634613762
53.7266330629509170
-1.1814141526053727
54.6242817350921896
-1.1760770462387244
53.8111553638489681
-1.1710382263720573
54.0205579550143185
-1.1656155284236105
55.0894561647125869
-1.1604788252086102
54.2140938823754155
-1.1550322068314085
54.0422023011831669
-1.1493022021168271
54.9054242998430269
-1.1437549912990566
54.8234025360190742
-1.1384140584380025
55.7301551817687297
-1.1330477259827729
57.2912703523206446
-1.1278301390073784
55.3865520180498265
-1.1223409261998591
55.5373091179540808
-1.1171390444586484
56.2996565180272697
-1.1115668036703776
56.5372417209819176
-1.1063043652466189
58.0599246937924818
-1.1008980744328565
56.0329650542158362
-1.0954235820850282
57.6063335651856434
-1.0899921144339015
57.9598108938246952
-1.0843640940356787
57.7789887425025412
-1.0786073559581315
56.4323090787365800
-1.0731274193014142
59.1018777753026683
-1.0677100708993881
58.6387064328495100
-1.0627160621071401
58.7895771894996386
-1.0571374025968452
59.3914587219959031
-1.0513719093871023
58.9734839669396109
-1.0460505176078274
59.2329228484287782
-1.0406672699469006
59.1998615155273029
-1.0352444252118143
58.3303253414991829
-1.0297494273170822
60.6247625573307261
-1.0242530365190929
60.4447037604989816
-1.0185872511372771
59.9998853582760390
-1.0128709240500822
59.5326479532065207
-1.0073023134869326
60.6044046921908190
-1.0016462597932276
60.4246481786387903
-0.9958032667163552
61.6800624997030980
-0.9901265919030227
61.5052849020591452
-0.9842482408301345
60.0915866283635367
-0.9786149634242705
61.1071791009368965
-0.9730628647924929
61.4920837863910776
-0.9674860020036548
62.7548932524723497
-0.9619209121415789
62.3375858391890532
-0.9562408518055203
61.0460683465739322
-0.9505669788369558
64.0543593239394085
-0.9448043289966321
66.4702572186857878
-0.9392938998483152
61.1274265947273392
-0.9335197871826568
64.0864106574630199
-0.9280198743333469
62.7606561111144003
-0.9224270652881011
63.2880786251546326
-0.9165851344325793
65.1066818357964365
-0.9110379163262793
63.2029762553776493
-0.9053438061700186
64.7421188383066522
-0.8999277604774465
64.8675651266032958
-0.8941505261920252
64.1315505148523926
-0.8884220086099497
63.8656343082033118
-0.8827049999186430
63.9262538681739017
-0.8772040372411224
65.7397110161550842
-0.8710803123863801
64.6854986338739337
-0.8654030368233107
64.5567819655088186
-0.8593771061990746
66.2475247939358098
-0.8536740593611077
66.5237599488239226
-0.8479992917558697
64.6241112056143692
-0.8421275539292952
67.3402381975306241
-0.8363593727923770
68.3677868695011881
-0.8304284681153145
65.8198391244296346
-0.8244044101256440
66.4843169218151360
-0.8183466341819392
65.7556907919515368
-0.8126274333660581
67.0480596011602046
-0.8068763808120238
67.3287775583999206
-0.8008254979808775
66.6797188757602868
-0.7951493368876978
68.7847707347701061
-0.7893841158998683
67.8438847110021754
-0.7836197555504161
69.6275777974401251
-0.7780548696268857
68.4508617484497961
-0.7720936173921130
68.5613286418982000
-0.7660287751249785
69.2331371095600616
-0.7600074227963133
69.7246069242048776
-0.7542221672302716
66.7438537159861340
-0.7482196538826339
67.2908217183076971
-0.7422026636466452
68.6290024738606803
-0.7364792706517138
72.6668145547544668
-0.7306042447923256
68.5876540133368024
-0.7247837289349639
70.1967698257000734
-0.7185195867046664
71.2858680701506842
-0.7125186393407061
70.8597819669420801
-0.7063992027717688
71.2393343081920705
-0.7007595216436104
69.6117377251812570
-0.6947311140497676
70.1401715557946090
-0.6885803338138536
69.4978030685153101
-0.6827583927736278
69.5341055902905509
-0.6766106310840625
71.2692435706907759
-0.6706071281881624
72.3701567227258664
-0.6646355382514891
72.7945592203675602
-0.6586628021802952
71.3354703759501092
-0.6526718303838862
73.9405661704549004
-0.6465776272488812
70.8256292083261627
-0.6405358668953719
71.5707124474601386
-0.6345647687687107
73.9737291573502915
-0.6288239686826474
73.6967342941968155
-0.6232592874016158
73.0012772089686734
-0.6172709945717844
72.1874278950391499
-0.6113848058872388
75.9504441744397951
-0.6052489859735313
74.8733286166805811
-0.5991073463994302
73.8198788238155856
-0.5930684109162846
73.7062410321588999
-0.5869088323774170
73.6414091564290629
-0.5810293788536562
74.7200788812314016
-0.5748228658478725
72.6332520633174710
-0.5686546219439141
73.8139433200934576
-0.5625485634325884
74.9734459664660733
-0.5565350872031992
75.9976906446661644
-0.5505911663171101
73.8005856692760176
-0.5446427134607208
77.2055479643716893
-0.5386509268953168
73.4015562773682859
-0.5326921886185273
75.3513206911505051
-0.5269408931179420
76.6834039893573589
-0.5207861712959282
75.6855641507929278
-0.5146991511552476
76.1684562503926941
-0.5086514740555022
75.4898512135439717
-0.5024439844510975
75.4593600457766200
-0.4962894164968670
77.0281402890758784
-0.4899661783228830
75.9937564693601217
-0.4837357939012003
76.3563033831786981
-0.4777486891148962
76.1332360507379491
-0.4714890016902638
76.3901955557252847
-0.4654375828064327
76.8203465982648339
-0.4591449147404458
79.1171073674858292
-0.4529290784570128
78.9109094438826020
-0.4468022472614067
77.8943764974718391
-0.4403988827714904
80.2121520158435430
-0.4343114585501237
80.4522000106791637
-0.4281167417626675
78.4580872279633610
-0.4219307816850101
75.4119436246423618
-0.4159376567305189
78.3087447089394431
-0.4097269489806404
79.0990472010444279
-0.4035500664449952
79.1993703801113327
-0.3971466677254869
79.8335200568781573
-0.3912176571898388
80.6252778607690033
-0.3850860906388138
79.9037782599469040
-0.3791649838438525
80.8479286624546631
-0.3730618548367668
81.4227578745621656
-0.3669358022894470
81.4813178393501829
-0.3606362558520958
83.1409755169334375
-0.3544481527306508
80.5403799521017589
-0.3485242211066045
81.5572356103614169
-0.3426045180718452
79.3449095532335775
-0.3365594013868341
80.7230990564237629
-0.3304094356742299
81.7960151056523159
-0.3242902469086778
81.4962648878915417
-0.3180791969151181
79.4267564315755408
-0.3120132115951577
81.6605692674314270
-0.3056659097730440
80.2774627309914877
-0.2995270503923741
79.6246497459543292
-0.2932602950800898
82.7134305004180277
-0.2869274143237142
82.6771830423241738
-0.2809263827540800
83.4228688311186488
-0.2746758666707566
83.1325688588555778
-0.2687934341672908
82.5993275893358003
-0.2626348591020842
83.0692026781159143
-0.2562637947168452
83.0177607404320241
-0.2501981549306582
81.8391655862377974
-0.2437683760577038
85.3026887473086362
-0.2377472742618405
83.9855868382263111
-0.2317363265836031
82.0238108794041665
-0.2256151674763435
83.3522537553768359
-0.2195108433280180
82.8167314703077864
-0.2132379428137407
82.6908735221465747
-0.2070234168680109
84.2253240599259954
-0.2007224236137594
81.8377589596251056
-0.1944144942362520
83.4649852650233299
-0.1882647471341703
83.5466023089217487
-0.1822224629396955
84.7677467551383614
-0.1758216646955430
85.5710495839635144
-0.1696038188819151
82.0403804623204849
-0.1635066870404491
80.9436924833571254
-0.1570603878171694
85.2529807762840477
-0.1509910972230707
86.0392225960503083
-0.1454165733895690
81.5051193815335466
-0.1391977753297758
83.5300045901133075
-0.1330026206875869
82.3267170783774560
-0.1266614505253247
82.7338849729271715
-0.1203212706027139
83.5004917446255774
-0.1141330433993424
85.7246648321415137
-0.1080589074141189
82.0740509939287648
-0.1018226184206217
85.1145713266631248
-0.0958407185444344
84.1445361704622172
-0.0895252871619633
85.3035619044284346
-0.0831460635008763
82.3030671325151530
-0.0769380030441081
84.2175717261468861
-0.0705903084727688
83.4958486054624416
-0.0642948816068872
85.0168340230612074
-0.0580943620324748
85.7998064176637882
-0.0520573116958020
83.9236063764006985
-0.0458045528698399
83.4050186102035696
-0.0396877805529212
85.4808797494678885
-0.0334153642220996
83.9521525947124445
-0.0274807573186243
82.9921988547842915
-0.0207921513317553
83.6932948139278494
-0.0145816119695357
83.8051284534393659
-0.0084609541053717
82.7954511761256384
-0.0021232108562707
84.1846045620304153
0.0038895949135009
84.0979830101818209
0.0103476628800002
84.0140505381165212
0.0166830113845709
81.1424453853263827
0.0228830542410245
84.7017117468071206
0.0291271877709917
84.3925536114891628
0.0352725294403114
84.2594962601213240
0.0412940257300287
83.5026517893907396
0.0477986458113481
83.6388008078125154
0.0539437347386074
84.7634521642221017
0.0602337906992682
84.2935277056987644
0.0661930291483599
83.6794644566245722
0.0724046167566847
83.5094874329746091
0.0785527698260075
85.3711535269556521
0.0848584914274003
85.2265533074122459
0.0911324988613343
85.2763251056658049
0.0974380949087545
83.7692101572579162
0.1034729221040113
85.5413847163995769
0.1098246890736980
83.0161717143917173
0.1157081768678045
85.6923427567116391
0.1220394078601436
84.8695323399415287
0.1283268259166437
84.8639936841429261
0.1346993329786931
84.7772654284973726
0.1408620076031124
84.5455234608323565
0.1469974375380368
84.7521417570612670
0.1535564234827395
84.4162123338973771
0.1597248458625164
84.1351312561115776
0.1660965756844928
82.9557158258296568
0.1722367524936371
80.9919806938314224
0.1783214087009395
83.0072796835859918
0.1842424691868635
86.2145806600326381
0.1904765713492301
81.6542989370763053
0.1965353349184165
82.0164929285641477
0.2027713570543397
82.1648017984423120
0.2091977163886153
84.3515026920131987
0.2156062714611753
82.0023849783873544
0.2218198042568794
84.3970303254086787
0.2279497633676746
83.2352334031215975
0.2340077978900091
82.4962309604717490
0.2402015805399177
84.6258695459872854
0.2462627886803438
82.3533599637430314
0.2522238659496998
82.5240103812358257
0.2583745728637956
83.0427938967449109
0.2646041569944368
81.4339234694766247
0.2704376975256190
83.3059146547154512
0.2765018404561123
81.3680943257270428
0.2827051894546147
82.2167221518232623
0.2887439555650630
82.4028648140697157
0.2951329210661026
81.8527985859748952
0.3010310321940050
81.6559652037644810
0.3073370298823327
77.9903993895388510
0.3136296300359470
82.4717264975850952
0.3199491192475364
80.4660810174456884
0.3258650100107899
82.2007542153674109
0.3320185953265560
81.8082486786236842
0.3380526951105333
79.6827669040137465
0.3441979308310681
79.9288307290490110
0.3506066930407835
80.4200687995194130
0.3565252347258074
78.6095793010643291
0.3628163630698420
83.1230902882132199
0.3689287822599189
79.8901558199777355
0.3751705193712896
80.0347976087302868
0.3814299781397537
79.3141387843025569
0.3877457316874557
76.6134000038653937
0.3938760358359206
78.2247386780080944
0.4000023182714117
77.6431467924498691
0.4061202751204812
80.9269599729869782
0.4124932823591831
80.7373768069216453
0.4185354636910895
77.2115636159566776
0.4246045204150107
78.1359614795649691
0.4306192691964648
78.1782467929701852
0.4364764642219395
76.0642911076461985
0.4427395844915552
79.2103782229700357
0.4490817353576204
80.1404856929304543
0.4550330505685288
81.3419854323430087
0.4610004895227718
78.8077108210377588
0.4672268296661477
78.0995123439903409
0.4733559977603219
77.6218413778981784
0.4793545689455073
77.8293018762503692
0.4851952672930701
76.4591695678594050
0.4911127933430556
75.2655354615597361
0.4973006798191117
76.8993565336997307
0.5033129813861722
75.4778563129223699
0.5093204051851563
77.2962523068617600
0.5152660976905986
75.3894010312897223
0.5216827864646614
77.1420413181758704
0.5277014781355933
77.7819406404607747
0.5339143898494492
75.1197321869351669
0.5399800384519501
77.0070680285416671
0.5461563493876109
75.2990632924583991
0.5522164393256168
76.2499669714546542
0.5582526639770703
75.3105602034670056
0.5643555732723218
74.0750005462096652
0.5702945638646085
73.3857331920267768
0.5764515900706486
75.5222462390674139
0.5824157409525241
73.1716601951883376
0.5886601601311222
74.8362616414826505
0.5945085270718748
74.4117390940150187
0.6004466806609687
72.8713326774724095
0.6064250721863462
71.9997562133617635
0.6125270944405932
73.6496739313160305
0.6187620428887646
74.1991955094445217
0.6248609366483590
71.8341153253869749
0.6310892862542402
73.8091797421220406
0.6369509450687744
73.1189417936906665
0.6427820474872210
74.1228500552008285
0.6485712531324144
71.3569384550755217
0.6543935717551852
73.6469255524632871
0.6602971733875603
72.8439351652236269
0.6661181289036496
72.6084290016114267
0.6721002010875747
73.0235585574721426
0.6781032741361916
71.4885869601936434
0.6840453285552359
71.8418075116826316
0.6903953824317763
71.7819524417200228
0.6965747900823769
71.3680470205968192
0.7024037666701659
70.8562393690747854
0.7085157999310845
70.0453530517026621
0.7141671390337067
67.7598534964178185
0.7201579010160988
72.3188305403961778
0.7260512786715966
68.3040360871317773
0.7320924876660672
70.6834451553131373
0.7381546385815497
69.8662193692195501
0.7438599991175555
68.5517131777005204
0.7499443049887262
67.1505424076224529
0.7558457855102020
68.7107629370276243
0.7615691449256454
66.4919327967980962
0.7674521094199654
68.0040748210709012
0.7731580491924402
68.3053418037935387
0.7789867292108077
67.8596501426643215
0.7848070811177069
67.7326933248264140
0.7905721653802008
67.2777669159784750
0.7965111939805996
66.1432367470834066
0.8024363554211366
66.3817913824098156
0.8083475383004129
66.4325176900221805
0.8141924443989526
66.5826527527863021
0.8201055915312139
66.5363366703422230
0.8260261867065659
65.2479815988430261
0.8318061978456708
67.4341898433709304
0.8376293989555911
66.6065468014153623
0.8434656549463763
64.7842844743527309
0.8495002594239126
64.9402918579250041
0.8554743230716005
66.6333189432147321
0.8612686314394427
64.2549918340513813
0.8670097669373565
64.8308325068800428
0.8729177321259241
63.2140786042630509
0.8787836678127420
63.8506422264571967
0.8843718093198765
62.8767334496440711
0.8901346741465886
64.1834093791699729
0.8962748447359343
65.6070520243292350
0.9019108630128457
65.7209418767732672
0.9075370550964481
62.4468254037196857
0.9133163870461689
63.0558473994323947
0.9189509280708904
61.8632869747858649
0.9247061805655810
62.9573563556138041
0.9303023580391644
64.1133956917524017
0.9358689844846955
61.5334400270352333
0.9412620744992493
63.8449813034122755
0.9469231581760184
62.7776508674616380
0.9525459473846943
62.1962872171940120
0.9583118584114595
60.3758272201572268
0.9638759631155501
63.8084744775078008
0.9694728998351899
60.3759984518355068
0.9749650975614110
61.4602093509808469
0.9805309309106218
61.4690931658527830
0.9860537950390278
62.4348789292188755
0.9915869867095065
60.2059921349162579
0.9975951913046276
59.9484057790507379
1.0034084131864049
61.2650355911191440
1.0091040307564505
59.5377020157633012
1.0143604176383210
60.8040584878256922
1.0198039699572081
59.9654050513947539
1.0254969856102305
59.7345643018020169
1.0310412802549933
58.8358374800818922
1.0365696927132027
59.5657599805686644
1.0420569545020004
58.7457500465221116
1.0472137806284116
58.7150174598145895
1.0526733191077402
58.4326551833228720
1.0578892382099325
58.1826250219037391
1.0637666466804652
59.0564895004256556
1.0691292500888547
57.6626881372441318
1.0747690090149018
58.4028491371002474
1.0802461678636881
56.3342653853808670
1.0855525025487016
58.0537239713164226
1.0909786994772017
57.2387372814157516
1.0965053402155240
55.6163339707353614
1.1021247229333164
57.0619584822900805
1.1076700941324837
57.2982207688194549
1.1131588911005710
57.1795111410714298
1.1185402710822447
57.0980732648818687
1.1237754056913050
55.9605538303090810
1.1292608789653320
55.1879241280544051
1.1345454465973255
56.1745849567413060
1.1397576742324864
54.4216572388077893
1.1452768218186140
55.7586392001753595
1.1506065106577381
53.9416710108262691
1.1558287533559308
53.2668155567298243
1.1612640294510557
55.0552807751417674
1.1665895763673295
53.9793140369455315
1.1720237510135414
54.0204608516561748
1.1773742795640307
53.5857059912394291
1.1826097568767435
54.4540651920016927
1.1880305231994017
51.5751700741195620
1.1933827182606744
53.2043919491562960
1.1986580074066173
52.8505974858495193
1.2038395469528704
53.3677911194446182
1.2090204193702612
53.5834489907951479
1.2143759251025334
51.6724606273987774
1.2195135109765820
53.9570437914065835
1.2245207862414582
51.4488207109101978
1.2298909125719293
51.1602505286884934
1.2349288664667308
53.4775900749999167
1.2402042484796167
52.7766129688131187
1.2453432667289679
52.1117217366177528
1.2503754462077246
52.1458421723191634
1.2554669110678740
51.6111142707127115
1.2603017885963395
51.0777750770183516
1.2654213590175958
51.2519136204362198
1.2706310465039401
50.5884491070609030
1.2755792803435482
50.7734065292973469
1.2809872314954072
49.4836099336880295
1.2861255235122178
51.2338821569711413
1.2911704395720858
50.5121423164002152
1.2963554143170124
49.6899817351837427
1.3013888579198880
48.6237370357600867
1.3064607348777206
49.4442573811533705
1.3114379769344211
49.9580621501453805
1.3166211719644139
49.6226607127318928
1.3216348215573099
48.4960572158828427
1.3267014750252304
48.2639365567730394
1.3316721111770973
47.9017822887703204
1.3364423102814458
48.2455786145331587
1.3414210705855583
47.9408466144707148
1.3465469540642057
49.0044806836028215
1.3516494799009642
47.8660412205532708
1.3566129906857738
48.0457997965604804
1.3614893643866000
47.7401386785439570
1.3665895915264836
47.3708694946360609
1.3717446530305126
47.5857989316466643
1.3765375246674880
46.2003961257552263
1.3813952472251714
46.4580735337312021
1.3864388878115679
46.3181352742186903
1.3913417889850890
45.9489660594173515
1.3963172692385319
45.3633403186527318
1.4011949959104921
45.5525666542036589
1.4063410387362778
46.3446372108578970
1.4112525292794558
45.7150858833323070
1.4158918791501658
45.4229009525683765
1.4206674854444648
46.1594291242013313
1.4255340196846333
46.4612979225392309
1.4301741561147470
45.2931613915131166
1.4352279192502595
45.1077341705825390
1.4398326835933564
44.2741615420555732
1.4446187474731367
44.6548772825970204
1.4494269591789182
43.9940901793577481
1.4543238407353212
44.3915703761901383
1.4592175633673254
42.8405711577389212
1.4640374742545896
44.5090401165630212
1.4686932779213233
44.1185045424110456
1.4734478165528382
43.2781606568715631
1.4783990458585932
43.0033964319440472
1.4833029850259283
44.6106925396484044
1.4882863194187348
42.6702885374506593
1.4927193909808478
43.2245819736444545
1.4973524064469745
42.4244517262829675
1.5018429580038126
43.8541719091914857
1.5064951580124113
42.4842168361016022
1.5113503965264738
44.1399317488017360
1.5161101987990264
42.6453092403870997
1.5209721251257149
41.8706192059063653
1.5256977274006240
42.5427257863443415
1.5303461085347534
42.1331433555202679
1.5348008300627514
41.1434858744860676
1.5395687730966725
41.7393698970070730
1.5444675786760762
41.9993086733725676
1.5491696080567630
41.7608277349617367
1.5536900728193466
42.6079782507414535
1.5581807414998530
40.6495864794851656
1.5626901185654387
41.9492180853136603
1.5674686590556612
40.2257611824810652
1.5719169227555567
41.2342055674348842
1.5762933635940237
40.3683905334809268
1.5810536529790682
41.1546202366122955
1.5855558444165463
41.1200728055037459
1.5899856431880601
41.0902641592549003
1.5944946269224891
40.2443815605641291
1.5988944336176523
40.8382756359320354
1.6034160552249801
39.5987829915727048
1.6076965665212988
40.0670267152975157
1.6121839579414292
40.6056261313469946
1.6164472222847743
39.5156791289655374
1.6209748871773531
40.4362920656495675
1.6254535524304190
38.9717422578156416
1.6298823946032419
39.1921955692794057
1.6341164500652481
39.6714809579925713
1.6385069586600260
39.5738359136807816
1.6432259350968008
40.3399086723875016
1.6474553497655027
39.6635240942629963
1.6517602423429631
39.8286126171764252
1.6562278544300664
39.5899803758084090
1.6605769483680515
38.6230712549783348
1.6649300739926176
39.7066151835021657
1.6692030091462571
38.8565765746699796
1.6735316781902936
38.3988946842181065
1.6777375588109231
38.7423635498428141
1.6819659170226799
38.5658380999383610
1.6862166131817344
39.3035292070257825
1.6906991635536712
39.1838547104337991
1.6949933051535042
39.5794350833687147
1.6992049954963180
38.9891358155039214
1.7034253040252720
38.5695661039851458
1.7075118804349732
38.3464020369913356
1.7117669640184248
38.5863920185228366
1.7156704338168474
37.1954740394204819
1.7197953037854261
38.4531059697905064
1.7241618178406777
37.5921830176489209
1.7283813175250953
38.6542137411575411
1.7324121219447162
37.7881094780077689
1.7365969427217509
37.0428545806432012
1.7407095832126540
37.9643283143779300
1.7447160991166988
37.6233959276155190
1.7489316699664093
36.9608767379134733
1.7530108282332113
37.7885365377176896
1.7573766883548168
38.1845231496740567
1.7617352930022867
38.1612769475614044
1.7661543090958216
37.2822712760016159
1.7703083741876526
37.5453178350351138
1.7743864599690757
37.5960257175599040
1.7783872080675671
37.0411475960596306
1.7827145537493150
36.1326784167256250
1.7867819964812539
37.3161920899669397
1.7906978313893540
37.1003280361951084
1.7946686384732942
36.0346017202188236
1.7989152135956885
36.3092500389592843
1.8030781925264772
35.6714950824772927
1.8070277189897972
37.1667844565170995
1.8111130693929085
36.5133220078770862
1.8149931609360128
36.8071635220183779
1.8187952255246154
35.8816396473083117
1.8226446249647137
36.3426897959278818
1.8267860635684117
35.9637479814004806
1.8306822425162497
36.5450049488394981
1.8345886176864121
36.7966778349419030
1.8384602116782194
35.6325407001712904
1.8423946143169885
35.2047417985532221
1.8463373612694307
35.5044263485835003
1.8501815465517804
36.1518764173697349
1.8540581208406590
35.4825757477194514
1.8580351217515663
35.4495132528703607
1.8619532830196159
36.0973476956161008
1.8655939406463555
35.5117184185306414
1.8692904312082399
35.5334919859991203
1.8732290433896699
35.4895394894906886
1.8769974545098989
35.3683732857352169
1.8807560142668236
35.6022095745238047
1.8846487341528024
35.3738110027558150
1.8886163875575788
34.7441226533463023
1.8923351693252726
34.7792018544263541
1.8960126657872964
35.5305960965216343
1.8996539365155589
35.2340665705601879
1.9035574311281653
35.2746851387820328
1.9073960134034975
35.7322154636380063
1.9112341241376294
34.7957175797962748
1.9148097482794424
34.9896870817624119
1.9184245886880251
35.8112505102108756
1.9223980745767630
34.6270869532021379
1.9260689584032713
34.4011191908289931
1.9295941716395857
34.9050519701846298
1.9333496339721494
33.7627172460498883
1.9371011206890800
34.9917794717279307
1.9408488873213112
34.2699374790366704
1.9444752914233834
34.4016590814475265
1.9480982229744928
34.6134376325099282
1.9518741651127247
33.5058828837953868
1.9552845332411770
34.8694649204825993
1.9588148564606338
34.4138564336713344
1.9624020457690960
33.1714537149973481
1.9662269727978996
34.0883585349298244
1.9695698089001550
34.0442764682547221
1.9732627762118766
34.1889653951294363
1.9770855293072356
33.5254673933741074
1.9807180098255663
33.9314692116043801
1.9843554995639872
33.5812054778581697
1.9878472096505706
34.0064636844839185
1.9914725889527300
33.9676806877590991
1.9951944163849460
33.2940954869984438
1.9990831760483336
33.8316283990468705
2.0027730883804349
33.3983058652709701
2.0063308578117458
33.8095486183171516
2.0099807940117680
33.4433890116228838
2.0135000227219497
33.7494091216143772
2.0171807695035753
33.6263064865182884
2.0205912859012218
33.2315484812061186
2.0243363479111087
32.6048248337621303
2.0280966807442975
33.6617949239645498
2.0315738910007894
33.3027999370294978
2.0352035060455020
33.6408920981204744
2.0387934025077947
33.2901483952387522
2.0422064238212756
33.4935121957720767
2.0459186611908176
32.4115298244835941
2.0496839127670401
33.1279300669824224
2.0533286016598584
32.9790994337702230
2.0569065610411030
32.4640715111764990
2.0606304252019170
32.5688777946274399
2.0642094941855347
32.7813747738110379
2.0678488760494949
32.3409053270757241
2.0714387399096137
32.5634287115123442
2.0750259722484796
32.7447564066639529
2.0786103109586636
32.7349131177326242
2.0821694296975393
32.7274349513766296
2.0858775837836334
32.3312778468790185
2.0894953485696144
32.2513287501906163
2.0931101403626302
32.3620650072243379
2.0967985819891242
32.4088522216691430
2.1004234364749084
32.5851497170079369
2.1040075065718953
32.0587902385187249
2.1075153426364523
32.7579278055664034
2.1108696661888056
32.2009443816919116
2.1147180957969045
33.2452758200241831
2.1182671004490592
32.6024637557109074
2.1218853117074796
32.3007527472435640
2.1251986695579208
32.1910582002464380
2.1287701439343851
31.8423271522531159
2.1325173039345557
31.6908195358992870
2.1361895573854488
32.3070192386410895
2.1398050079994126
32.0490125121918723
2.1436984013706777
31.6904262790985101
2.1473801056925761
32.0660051838795468
2.1509386680804936
32.2031910060668736
2.1545318067878307
32.2060844388821508
2.1580505322513313
32.2061439875001199
2.1618897578338752
31.6875174813657878
2.1655067716987397
31.6087233492789181
2.1692239748884425
31.9185267361027272
2.1731198125398197
31.4934990821925780
2.1768377045628453
31.9514308805055336
2.1806158252312091
31.9668693062747025
2.1844399113804811
31.5802579520589966
2.1883027781386359
31.9403567188316941
2.1921570124102945
31.7613750673507340
2.1960481383924271
31.7096077272012131
2.1998128770952103
31.7853164488025470
2.2035918538440211
31.3177811709339871
2.2072872341188683
31.9094844324276856
2.2112249346284440
31.7393968023204600
2.2151841451190801
31.1342403296310266
2.2193118585095437
31.0289088111006812
2.2234091215274820
31.5104910966409015
2.2271395539931387
31.3698881251177042
2.2311555136293135
31.1192984138777646
2.2352245824429389
31.3579208517028185
2.2391862068463544
31.4280429785523303
2.2435403846851028
31.0314174953414685
2.2475400315935143
31.3178905442440225
2.2516077856543095
31.2270206578371408
2.2557944293427261
30.8657053043411942
2.2597937823931651
31.2274700503035305
2.2638402598025817
30.8568200962569499
2.2681709870693005
30.8683958461092551
2.2723597265412421
31.0346817137450124
2.2767790897018263
30.7702031351261205
2.2811588092179833
30.8537737009353670
2.2853750404059769
31.2441593976069960
2.2898049851732396
30.6900174914902877
2.2941277054214160
30.8601876024298818
2.2988760753407180
30.5493129126929972
2.3032713714820123
30.7069207579050811
2.3079434513197561
30.7118849044749780
2.3123324317487080
30.7323499798759237
2.3169471513057758
30.3857504386623525
2.3216881366744699
30.8615641378599754
2.3266161095910749
30.4702783510053443
2.3318634401516012
30.8992199824860663
2.3366958772897948
30.4162661883533474
2.3416850491668497
30.2359321611500675
2.3466803014505420
30.8326937886341241
2.3519013709086551
30.6163629906518011
2.3571301156456714
30.6577066390545774
2.3624352632669288
30.4291795720345633
2.3679492437104170
30.5968186877324726
2.3731991169662652
30.3813865759401089
2.3790551564809714
30.5179049412423531
2.3849774054477497
30.8398087720647460
2.3913457027328828
30.5859086200819092
2.3974343169641723
30.0734029204245665
2.4040299911810390
30.4708375100816831
2.4106177087952769
30.0878620062680149
2.4171877906527968
30.0473684399044814
2.4246068938056196
30.1030773636324156
2.4323446501255814
30.1563300404026258
2.4406569157489120
30.1635626802893171
2.4490547018721931
29.9734520685212189
2.4579899010658801
29.7890134677214427
2.4669491301771274
29.6602977113341737
2.4768301899898564
29.9310596837348228
2.4883874583474568
29.9295229655693760
2.5010448551801736
29.5238445357915147
2.5150327531183083
29.8280493941356291
2.5319806637830533
29.8915739720335338
2.5522361606790636
29.5928027573699488
2.5788852072697717
29.1538997891973928
2.6235049947414404
