100
0.0500000000000000
795.7041642911905228
0.0643514780484333
481.2185117295999248
0.0787029560968666
320.9492960517759457
0.0930544341452999
231.2441255874496164
0.1074059121937332
173.1398654560499892
0.1217573902421665
133.9405522349651676
0.1361088682905998
106.8917856004724598
0.1504603463390331
88.4624764652227924
0.1648118243874664
73.4198850454978071
0.1791633024358997
61.6704752125402464
0.1935147804843330
53.0361098590147648
0.2078662585327662
45.9040221800351702
0.2222177365811995
40.1544267973344162
0.2365692146296329
35.2838077036481010
0.2509206926780662
31.4038069871826551
0.2652721707264994
28.0596480113223414
0.2796236487749327
25.2694243419532576
0.2939751268233660
22.7705854915125983
0.3083266048717993
20.6978439802351168
0.3226780829202326
18.8836411546059324
0.3370295609686659
17.2569837999234039
0.3513810390170992
15.8820061663921219
0.3657325170655325
14.6065719347037000
0.3800839951139658
13.4641305879102280
0.3944354731623991
12.4926747417289334
0.4087869512108324
11.6538901539720232
0.4231384292592657
10.8351363177986233
0.4374899073076990
10.1110311039871785
0.4518413853561323
9.4415946818776071
0.4661928634045656
8.8598095047053054
0.4805443414529989
8.3124935593924736
0.4948958195014322
7.8241869034776270
0.5092472975498655
7.3796533583517396
0.5235987755982988
6.9509510405510202
0.5379502536467321
6.5628803933223798
0.5523017316951654
6.2094048819945566
0.5666532097435987
5.8823904668453695
0.5810046877920320
5.5799011013322728
0.5953561658404654
5.3041355597502422
0.6097076438888986
5.0282117211207007
0.6240591219373319
4.7924416928312334
0.6384105999857652
4.5608717288936056
0.6527620780341985
4.3447052323281294
0.6671135560826318
4.1428737165949796
0.6814650341310651
3.9566163539505688
0.6958165121794984
3.7811329823605431
0.7101679902279316
3.6138896636687381
0.7245194682763649
3.4577028723056924
0.7388709463247982
3.3093565947427175
0.7532224243732316
3.1695040789207067
0.7675739024216649
3.0399665642555163
0.7819253804700982
2.9134800771535412
0.7962768585185315
2.7959806109896084
0.8106283365669648
2.6870572268063717
0.8249798146153980
2.5808672186722541
0.8393312926638313
2.4794750300544517
0.8536827707122646
2.3810848932714643
0.8680342487606979
2.2921185096979828
0.8823857268091312
2.2026583635259085
0.8967372048575646
2.1191260943911518
0.9110886829059979
2.0419934127253483
0.9254401609544312
1.9674257465739189
0.9397916390028644
1.8946704281158642
0.9541431170512977
1.8262399538294001
0.9684945950997310
1.7594802764711053
0.9828460731481643
1.6967907040302395
0.9971975511965976
1.6360954525762053
1.0115490292450309
1.5792151780600481
1.0259005072934642
1.5216358739780305
1.0402519853418974
1.4685909451811918
1.0546034633903307
1.4161806954334604
1.0689549414387640
1.3665246381155693
1.0833064194871973
1.3188199531493969
1.0976578975356306
1.2726547817118941
1.1120093755840639
1.2277419649372470
1.1263608536324974
1.1847973656365201
1.1407123316809307
1.1424944613565720
1.1550638097293640
1.1035349327889707
1.1694152877777972
1.0640807025725516
1.1837667658262305
1.0261601154366757
1.1981182438746638
0.9903874973274872
1.2124697219230971
0.9542564333046537
1.2268211999715304
0.9194399454585150
1.2411726780199637
0.8863808739228969
1.2555241560683970
0.8541502782571573
1.2698756341168302
0.8224153261205309
1.2842271121652635
0.7915061046118100
1.2985785902136968
0.7613890631730004
1.3129300682621301
0.7318050041060713
1.3272815463105634
0.7029885809143110
1.3416330243589967
0.6748323647638806
1.3559845024074300
0.6470658691544552
1.3703359804558632
0.6197713437231170
1.3846874585042965
0.5925485684757584
1.3990389365527298
0.5660033115925661
1.4133904146011631
0.5394956675565510
1.4277418926495964
0.5132243888429446
1.4420933706980299
0.4870762824283604
1.4564448487464632
0.4607011436180956
1.4707963267948965
0.4339646001858672
