100
0.0500000000000000
782.2549074425935487
0.0643514780484333
497.9179653516778217
0.0787029560968666
322.6893537267831675
0.0930544341452999
229.5644091142847856
0.1074059121937332
171.0787390980889313
0.1217573902421665
136.4655077076240275
0.1361088682905998
108.4363096233924608
0.1504603463390331
88.0056343243718686
0.1648118243874664
72.8431877345661292
0.1791633024358997
62.6025589392945250
0.1935147804843330
52.9369637092425478
0.2078662585327662
46.3094646807507004
0.2222177365811995
40.0854623933735894
0.2365692146296329
35.3638481865053080
0.2509206926780662
31.6009941054172927
0.2652721707264994
28.0063482984095558
0.2796236487749327
25.5085579393416815
0.2939751268233660
23.0335866693030447
0.3083266048717993
20.6779392835773734
0.3226780829202326
18.9004376264045533
0.3370295609686659
17.3805457053865595
0.3513810390170992
15.8829884473334477
0.3657325170655325
14.5966654997803147
0.3800839951139658
13.5483445137628227
0.3944354731623991
12.4773488017226022
0.4087869512108324
11.6855172441974258
0.4231384292592657
10.8285215696468136
0.4374899073076990
10.1341073907811108
0.4518413853561323
9.4124858472730821
0.4661928634045656
8.8547075806319864
0.4805443414529989
8.2974568648881739
0.4948958195014322
7.8702236697099615
0.5092472975498655
7.3653714489139803
0.5235987755982988
6.9324990144651046
0.5379502536467321
6.5899633083899776
0.5523017316951654
6.2294971817822296
0.5666532097435987
5.8648687778661603
0.5810046877920320
5.5665837282505430
0.5953561658404654
5.3034687292809446
0.6097076438888986
5.0128448632319067
0.6240591219373319
4.7703512614328600
0.6384105999857652
4.5709629702397212
0.6527620780341985
4.3379163594149430
0.6671135560826318
4.1393267637513746
0.6814650341310651
3.9574349485274789
0.6958165121794984
3.7729808035327199
0.7101679902279316
3.6195449233170174
0.7245194682763649
3.4560554244063497
0.7388709463247982
3.3181405261808012
0.7532224243732316
3.1770276591469861
0.7675739024216649
3.0390808045131097
0.7819253804700982
2.9257455958828484
0.7962768585185315
2.7986114102187591
0.8106283365669648
2.6837462153676741
0.8249798146153980
2.5765184196166708
0.8393312926638313
2.4782673714771759
0.8536827707122646
2.3824908104629188
0.8680342487606979
2.2909682881539704
0.8823857268091312
2.2036743289949206
0.8967372048575646
2.1249317318453906
0.9110886829059979
2.0404448616662876
0.9254401609544312
1.9692243236065525
0.9397916390028644
1.8917220804754786
0.9541431170512977
1.8236561357194405
0.9684945950997310
1.7596313293045507
0.9828460731481643
1.6970688059007617
0.9971975511965976
1.6343598459450048
1.0115490292450309
1.5769406240098227
1.0259005072934642
1.5234769807436113
1.0402519853418974
1.4687833064895379
1.0546034633903307
1.4148190829243135
1.0689549414387640
1.3680570831246923
1.0833064194871973
1.3189821817952234
1.0976578975356306
1.2714833523869991
1.1120093755840639
1.2286317518084360
1.1263608536324974
1.1841824646539447
1.1407123316809307
1.1433748006177777
1.1550638097293640
1.1023676027385025
1.1694152877777972
1.0645809516225997
1.1837667658262305
1.0263398084184765
1.1981182438746638
0.9890666793717656
1.2124697219230971
0.9537994943709882
1.2268211999715304
0.9209609169852615
1.2411726780199637
0.8860442501792110
1.2555241560683970
0.8541788394122339
1.2698756341168302
0.8229634479804637
1.2842271121652635
0.7919047672732203
1.2985785902136968
0.7612855511958124
1.3129300682621301
0.7320973408367997
1.3272815463105634
0.7029879461062273
1.3416330243589967
0.6745697349388333
1.3559845024074300
0.6470714571827113
1.3703359804558632
0.6195609805589442
1.3846874585042965
0.5922390524310335
1.3990389365527298
0.5659777575089752
1.4133904146011631
0.5396370114350589
1.4277418926495964
0.5133509183672332
1.4420933706980299
0.4871331258649002
1.4564448487464632
0.4607286629254219
1.4707963267948965
0.4339775105677823
