100
3
0.4487989505128276
0.4587989505128276
1.8441254545380987
0.4812635439730714
1.2518783401352687
0.5037281374333152
0.9013146985800879
0.5261927308935590
0.6799055548024240
0.5486573243538029
0.5428736042586763
0.5711219178140468
0.4453705521308250
0.5935865112742905
0.3739986887188876
0.6160511047345343
0.3227232128631469
0.6385156981947782
0.2796898183866319
0.6609802916550220
0.2510213060675797
0.6834448851152658
0.2257106932054984
0.7059094785755096
0.2035194468242028
0.7283740720357534
0.1857923049913079
0.7508386654959973
0.1717779968698607
0.7733032589562411
0.1574191186855473
0.7957678524164848
0.1483186926556096
0.8182324458767287
0.1372365549699291
0.8406970393369726
0.1293852711324703
0.8631616327972164
0.1218421307023480
0.8856262262574601
0.1155582980613302
0.9080908197177040
0.1093560799949605
0.9305554131779479
0.1043154994896342
0.9530200066381916
0.0991142876998376
0.9754846000984354
0.0955249767217983
0.9979491935586793
0.0900657531367515
1.0204137870189232
0.0869868097615772
1.0428783804791668
0.0840268513734164
1.0653429739394107
0.0817343879613788
1.0878075673996546
0.0790851685811516
1.1102721608598984
0.0778835259570912
1.1327367543201423
0.0744044764479425
1.1552013477803860
0.0733235533268559
1.1776659412406298
0.0714490073275820
1.2001305347008737
0.0698615926948955
1.2225951281611174
0.0679016782677526
1.2450597216213612
0.0663222774831648
1.2675243150816051
0.0655815919780497
1.2899889085418490
0.0643916555325491
1.3124535020020929
0.0625569322334631
1.3349180954623365
0.0620478396545033
1.3573826889225804
0.0620456219283541
1.3798472823828243
0.0614044437301007
1.4023118758430679
0.0608418319245063
1.4247764693033118
0.0596662550902069
1.4472410627635557
0.0590615523707961
1.4697056562237996
0.0583631424932070
1.4921702496840432
0.0575079960985913
1.5146348431442871
0.0582639672745522
1.5370994366045310
0.0571798221936917
1.5595640300647748
0.0571326899828600
1.5820286235250187
0.0577484471824495
1.6044932169852624
0.0575058265718968
1.6269578104455062
0.0581822592288927
1.6494224039057501
0.0592671513222508
1.6718869973659938
0.0593340273061710
1.6943515908262377
0.0593220406092053
1.7168161842864815
0.0597196495187284
1.7392807777467254
0.0597689586709683
1.7617453712069693
0.0609557455433455
1.7842099646672129
0.0609476991310220
1.8066745581274568
0.0626384732580825
1.8291391515877007
0.0629748338685214
1.8516037450479443
0.0646225723448010
1.8740683385081882
0.0652412940083984
1.8965329319684321
0.0663776381503781
1.9189975254286760
0.0661922925714490
1.9414621188889198
0.0696338036525678
1.9639267123491635
0.0716874404429228
1.9863913058094074
0.0737467666136962
2.0088558992696512
0.0756623066954696
2.0313204927298951
0.0772996082097761
2.0537850861901390
0.0792675058626006
2.0762496796503829
0.0816407581474431
2.0987142731106267
0.0854223348129220
2.1211788665708706
0.0869356715692706
2.1436434600311141
0.0917110653009204
2.1661080534913579
0.0940378928461008
2.1885726469516018
0.0994986389114894
2.2110372404118452
0.1042981305860587
2.2335018338720891
0.1087618515197928
2.2559664273323330
0.1147019561085981
2.2784310207925769
0.1208492171586541
2.3008956142528207
0.1282278456188988
2.3233602077130646
0.1367580398387852
2.3458248011733085
0.1471216037605364
2.3682893946335524
0.1570515063129921
2.3907539880937962
0.1709032357702769
2.4132185815540401
0.1843230400540606
2.4356831750142840
0.2026183308446534
2.4581477684745279
0.2242241985583082
2.4806123619347717
0.2495701182604962
2.5030769553950156
0.2822064923955583
2.5255415488552586
0.3234081898880588
2.5480061423155025
0.3733514378859421
2.5704707357757464
0.4455843216198716
2.5929353292359902
0.5407143960522224
2.6153999226962341
0.6824042156408426
2.6378645161564780
0.8951811097906934
2.6603291096167219
1.2490510222961699
2.6827937030769657
1.8408448623250937
0.7853981633974483
0.7953981633974483
3.2076722502291104
0.8110627727590130
2.5970984341464067
0.8267273821205775
2.1382237576100076
0.8423919914821422
1.7819350446501721
0.8580566008437067
1.5192860917536768
0.8737212102052714
1.3135552664423176
0.8893858195668359
1.1520776933569836
0.9050504289284006
1.0239532565196525
0.9207150382899651
0.9163595074636581
0.9363796476515298
0.8309622011316009
0.9520442570130945
0.7614205000605011
0.9677088663746590
0.6982737530868535
0.9833734757362237
0.6501408558029529
0.9990380850977882
0.6064458936176284
1.0147026944593529
0.5682420534303255
1.0303673038209176
0.5332652335195428
1.0460319131824822
0.5061439501411050
1.0616965225440467
0.4765874761599549
1.0773611319056113
0.4543158028792417
1.0930257412671760
0.4363762795264595
1.1086903506287404
0.4170002902355330
1.1243549599903053
0.4011401661767798
1.1400195693518698
0.3855998216878827
1.1556841787134344
0.3726429129467023
1.1713487880749991
0.3608267712012669
1.1870133974365635
0.3506661281759054
1.2026780067981282
0.3407270530716831
1.2183426161596929
0.3317293947275637
1.2340072255212575
0.3235610037538072
1.2496718348828222
0.3137734086953872
1.2653364442443866
0.3093316310512284
1.2810010536059513
0.3010134929355991
1.2966656629675160
0.2941582331221304
1.3123302723290806
0.2883660981248136
1.3279948816906453
0.2834518372864283
1.3436594910522097
0.2791364164987775
1.3593241004137744
0.2757264023949706
1.3749887097753390
0.2718615325708195
1.3906533191369035
0.2666326018211002
1.4063179284984684
0.2640688062337938
1.4219825378600328
0.2618030569856097
1.4376471472215975
0.2575140342288964
1.4533117565831621
0.2582315953842825
1.4689763659447266
0.2531918495166348
1.4846409753062915
0.2514870933894224
1.5003055846678559
0.2485951992330076
1.5159701940294206
0.2460421954309864
1.5316348033909852
0.2441017045031612
1.5472994127525497
0.2418943875308233
1.5629640221141146
0.2390353963618318
1.5786286314756790
0.2389789955510197
1.5942932408372437
0.2396129812166087
1.6099578501988083
0.2433211204961216
1.6256224595603728
0.2469437230208221
1.6412870689219374
0.2494918045166432
1.6569516782835021
0.2525239331986023
1.6726162876450668
0.2537572674332325
1.6882808970066314
0.2592005079785825
1.7039455063681959
0.2595393687881686
1.7196101157297605
0.2628659272746607
1.7352747250913252
0.2638835881686548
1.7509393344528896
0.2673625687266166
1.7666039438144545
0.2720951951076389
1.7822685531760190
0.2764766309108546
1.7979331625375836
0.2796489825790029
1.8135977718991483
0.2831467519123380
1.8292623812607129
0.2879647076507766
1.8449269906222774
0.2957707127076394
1.8605915999838420
0.3017523696856192
1.8762562093454067
0.3080733419624260
1.8919208187069714
0.3147843354386714
1.9075854280685358
0.3234209095063219
1.9232500374301005
0.3327394890479271
1.9389146467916651
0.3405260716620762
1.9545792561532298
0.3524017771081404
1.9702438655147945
0.3610324685273134
1.9859084748763589
0.3736737798246448
2.0015730842379238
0.3858380119454053
2.0172376935994882
0.4021076467846391
2.0329023029610527
0.4174062683933148
2.0485669123226176
0.4344586203380534
2.0642315216841820
0.4559978215673903
2.0798961310457464
0.4816143117407078
2.0955607404073113
0.5060407614706690
2.1112253497688762
0.5349018844844220
2.1268899591304402
0.5661668311997909
2.1425545684920051
0.6021683697406676
2.1582191778535700
0.6503967367007494
2.1738837872151344
0.6949569305156469
2.1895483965766989
0.7566210345676222
2.2052130059382637
0.8309547669829670
2.2208776152998282
0.9140704644047888
2.2365422246613926
1.0226073242131415
2.2522068340229575
1.1529737346195372
2.2678714433845220
1.3169289461103124
2.2835360527460864
1.5201344095567346
2.2992006621076513
1.7866367035212736
2.3148652714692162
2.1344719773063039
2.3305298808307806
2.5952948981657356
2.3461944901923451
3.2111783823865920
1.0471975511965976
1.0571975511965976
4.8972133581579467
1.0675732840369674
4.3686922950219840
1.0779490168773369
3.9152734061972985
1.0883247497177067
3.5213820497938064
1.0987004825580764
3.1921156126975978
1.1090762153984461
2.9051418519332572
1.1194519482388157
2.6592619852825186
1.1298276810791854
2.4423876216840705
1.1402034139195552
2.2571880028312838
1.1505791467599247
2.0951819818033024
1.1609548796002944
1.9595865114313058
1.1713306124406642
1.8348979301270900
1.1817063452810337
1.7206741248303785
1.1920820781214034
1.6274428758701294
1.2024578109617732
1.5433611504736957
1.2128335438021429
1.4647769843952532
1.2232092766425124
1.3954103379933982
1.2335850094828822
1.3322611452443500
1.2439607423232519
1.2815273831959191
1.2543364751636217
1.2293204511813811
1.2647122080039912
1.1868628471082028
1.2750879408443609
1.1467448142009371
1.2854636736847307
1.1078286418371563
1.2958394065251002
1.0742263260201923
1.3062151393654700
1.0436696937387639
1.3165908722058397
1.0124085451842133
1.3269666050462092
0.9833475375426499
1.3373423378865790
0.9647076749654080
1.3477180707269487
0.9417774885220905
1.3580938035673182
0.9190029068768483
1.3684695364076880
0.8993951143114496
1.3788452692480577
0.8832457997999463
1.3892210020884275
0.8639309344254631
1.3995967349287972
0.8488435346605686
1.4099724677691667
0.8340488210294277
1.4203482006095365
0.8263596473194290
1.4307239334499062
0.8090610722605880
1.4410996662902757
0.7963258562575253
1.4514753991306455
0.7853018680124979
1.4618511319710152
0.7759383583584109
1.4722268648113848
0.7652191455168689
1.4826025976517545
0.7562590314227843
1.4929783304921243
0.7454300873544205
1.5033540633324938
0.7372360745216071
1.5137297961728635
0.7300472773002901
1.5241055290132333
0.7205743410905817
1.5344812618536030
0.7167132843863687
1.5448569946939728
0.7093401877191960
1.5552327275343423
0.7043070031788822
1.5656084603747120
0.7039529790808354
1.5759841932150818
0.7008753284489564
1.5863599260554513
0.7041077764385025
1.5967356588958210
0.7107639861455245
1.6071113917361908
0.7151493817393895
1.6174871245765603
0.7223643667595427
1.6278628574169300
0.7292053050300673
1.6382385902572998
0.7377314154808640
1.6486143230976693
0.7479696331980977
1.6589900559380391
0.7551392011667990
1.6693657887784088
0.7654161340929164
1.6797415216187783
0.7779548290634651
1.6901172544591483
0.7852485873291608
1.7004929872995178
0.7955367746535421
1.7108687201398876
0.8128809182079155
1.7212444529802573
0.8225555284051378
1.7316201858206268
0.8357930266864889
1.7419959186609966
0.8521445994104774
1.7523716515013663
0.8647921642137792
1.7627473843417358
0.8803152251840302
1.7731231171821056
0.9024956158771134
1.7834988500224753
0.9206239873555864
1.7938745828628448
0.9413992855034482
1.8042503157032146
0.9618015114760170
1.8146260485435843
0.9892338488278870
1.8250017813839539
1.0120245345535448
1.8353775142243238
1.0432946615022924
1.8457532470646933
1.0687563875605246
1.8561289799050629
1.1044017826461914
1.8665047127454328
1.1426336597911197
1.8768804455858024
1.1808089669159174
1.8872561784261721
1.2309054727491138
1.8976319112665418
1.2804967693115048
1.9080076441069114
1.3340559400306409
1.9183833769472811
1.3967425443564281
1.9287591097876509
1.4659567306501291
1.9391348426280204
1.5383984684209873
1.9495105754683901
1.6294910748535840
1.9598863083087599
1.7246841440620448
1.9702620411491294
1.8343235248967058
1.9806377739894994
1.9529748580259210
1.9910135068298689
2.0969431816264299
2.0013892396702384
2.2538722070551689
2.0117649725106084
2.4403563884663360
2.0221407053509779
2.6581005230161585
2.0325164381913474
2.9079831083700998
2.0428921710317174
3.1941769544166534
2.0532679038720869
3.5216979191940498
2.0636436367124569
3.9084598247262345
2.0740193695528264
4.3629965559702191
2.0843951023931959
4.8957370623166510
