4.2847546361392963
-2.0000000000000000
4.3308003051963597
-1.9919839679358717
4.3697130552763319
-1.9839679358717435
4.4415604147559815
-1.9759519038076152
4.4901898516191512
-1.9679358717434869
4.5447712739011488
-1.9599198396793587
4.5778328811995923
-1.9519038076152304
4.6277711141161486
-1.9438877755511021
4.6857394340218725
-1.9358717434869739
4.7277725251634388
-1.9278557114228456
4.7799110677155925
-1.9198396793587174
4.8246239339286889
-1.9118236472945891
4.8754260562124081
-1.9038076152304608
4.9142818012565197
-1.8957915831663326
4.9758092406228815
-1.8877755511022045
5.0197858125945523
-1.8797595190380763
5.0679948095489733
-1.8717434869739480
5.1294838180662401
-1.8637274549098197
5.1971733517505445
-1.8557114228456915
5.2099679105078147
-1.8476953907815632
5.2764901726084759
-1.8396793587174349
5.3088573615104471
-1.8316633266533067
5.3717073100464452
-1.8236472945891784
5.4396589648253517
-1.8156312625250501
5.4955923408732135
-1.8076152304609219
5.5201906095073516
-1.7995991983967936
5.5853940062002660
-1.7915831663326653
5.6330045753929827
-1.7835671342685371
5.6972750731374608
-1.7755511022044088
5.7576968585472974
-1.7675350701402806
5.8061896511133053
-1.7595190380761523
5.8454796774861828
-1.7515030060120240
5.9297268677116231
-1.7434869739478958
5.9444101038871864
-1.7354709418837675
6.0157691305271488
-1.7274549098196392
6.1114372226962974
-1.7194388777555110
6.1175857672698273
-1.7114228456913829
6.1584468142797153
-1.7034068136272547
6.2086781000176101
-1.6953907815631264
6.2827899396738545
-1.6873747494989981
6.3074721795468873
-1.6793587174348699
6.3702381066250124
-1.6713426853707416
6.4556208650389166
-1.6633266533066133
6.5058498895003778
-1.6553106212424851
6.5635520987281897
-1.6472945891783568
6.6113160470217212
-1.6392785571142285
6.6871956012504095
-1.6312625250501003
6.7461336998268653
-1.6232464929859720
6.8030492720509042
-1.6152304609218437
6.8185720889937915
-1.6072144288577155
6.9087046934033713
-1.5991983967935872
6.9439780516930192
-1.5911823647294590
7.0216205483359966
-1.5831663326653307
7.0646042750775715
-1.5751503006012024
7.1102415517528836
-1.5671342685370742
7.1608649800665818
-1.5591182364729459
7.2451886015510336
-1.5511022044088176
7.3073689215918698
-1.5430861723446894
7.3637143282526871
-1.5350701402805611
7.4174842033531370
-1.5270541082164328
7.4818499434135823
-1.5190380761523046
7.5191991237064331
-1.5110220440881763
7.6241268447958657
-1.5030060120240480
7.6486186086460464
-1.4949899799599198
7.7174615305258509
-1.4869739478957915
7.7840634536088089
-1.4789579158316633
7.8375491183181891
-1.4709418837675350
7.8739961298416148
-1.4629258517034067
7.9681546060740631
-1.4549098196392785
8.0162496067402422
-1.4468937875751502
8.0619828748405364
-1.4388777555110219
8.1883784388277991
-1.4308617234468939
8.2106624419664129
-1.4228456913827656
8.2517700537743810
-1.4148296593186374
8.3253649027035248
-1.4068136272545091
8.3755915847945381
-1.3987975951903808
8.4160636937344968
-1.3907815631262526
8.4922572671934873
-1.3827655310621243
8.5749071706605360
-1.3747494989979960
8.6667778388246273
-1.3667334669338678
8.7013539601648962
-1.3587174348697395
8.7599394300698510
-1.3507014028056112
8.8386812458558932
-1.3426853707414830
8.8638686047504862
-1.3346693386773547
8.9124826242671222
-1.3266533066132267
9.0009715860198138
-1.3186372745490984
9.0919741720467826
-1.3106212424849701
9.0999223844497443
-1.3026052104208419
9.1726115027981390
-1.2945891783567136
9.2841941475970415
-1.2865731462925853
9.3245121242004672
-1.2785571142284571
9.3809718840995746
-1.2705410821643288
9.4682796130398543
-1.2625250501002006
9.4830778433447538
-1.2545090180360723
9.5622611923025698
-1.2464929859719440
9.6215674283785191
-1.2384769539078158
9.6559944827074879
-1.2304609218436875
9.7523035800790314
-1.2224448897795592
9.8179179905973939
-1.2144288577154310
9.8670178829511919
-1.2064128256513027
9.9281821763748805
-1.1983967935871744
10.0334230169988068
-1.1903807615230462
10.1201031171632945
-1.1823647294589179
10.1225353032714462
-1.1743486973947896
10.2297447247489739
-1.1663326653306614
10.2438253000664368
-1.1583166332665331
10.4178328572596772
-1.1503006012024048
10.3942537851504326
-1.1422845691382766
10.5049199041359671
-1.1342685370741483
10.5218029246020635
-1.1262525050100201
10.5990701304296699
-1.1182364729458918
10.6627009411083726
-1.1102204408817635
10.8013803543354285
-1.1022044088176353
10.8113827692599536
-1.0941883767535070
10.8873365638426680
-1.0861723446893787
10.9632297967903831
-1.0781563126252505
11.0602324246650721
-1.0701402805611222
11.0522906995765311
-1.0621242484969939
11.1213481403800092
-1.0541082164328657
11.2177690125025542
-1.0460921843687374
11.2757394610446191
-1.0380761523046091
11.3611747255071389
-1.0300601202404809
11.3832723487623930
-1.0220440881763528
11.4464402698911130
-1.0140280561122246
11.5434298272397182
-1.0060120240480963
11.5981302577249679
-0.9979959919839680
11.7033714735219370
-0.9899799599198398
11.6425950944711492
-0.9819639278557115
11.8647472559948195
-0.9739478957915833
11.9312444913369937
-0.9659318637274550
12.0170499918885980
-0.9579158316633267
12.0233866938633778
-0.9498997995991985
12.0852369611900468
-0.9418837675350702
12.2296785123928906
-0.9338677354709419
12.3133922227443424
-0.9258517034068137
12.2990678731339464
-0.9178356713426854
12.3540567078158450
-0.9098196392785571
12.4477130051786169
-0.9018036072144289
12.5315824913861320
-0.8937875751503006
12.5424269802493260
-0.8857715430861723
12.6844589708383708
-0.8777555110220441
12.7380128785882949
-0.8697394789579160
12.8023914812993063
-0.8617234468937878
12.8020799787508182
-0.8537074148296595
12.9380336472897479
-0.8456913827655312
13.0389131648715928
-0.8376753507014030
13.1321323297682575
-0.8296593186372747
13.1908166701492569
-0.8216432865731464
13.2372745087404482
-0.8136272545090182
13.2860557416274183
-0.8056112224448899
13.5103333735131059
-0.7975951903807617
13.4854587845522573
-0.7895791583166334
13.5856859274137687
-0.7815631262525051
13.6853538986960128
-0.7735470941883769
13.7134311384001517
-0.7655310621242486
13.8555986244382936
-0.7575150300601203
13.8697140750777326
-0.7494989979959921
13.8660160167915567
-0.7414829659318638
14.0623376652344128
-0.7334669338677355
13.9933129498941664
-0.7254509018036073
14.1144030009774610
-0.7174348697394790
14.2610842467303378
-0.7094188376753507
14.3229519600124675
-0.7014028056112225
14.3600533774836716
-0.6933867735470942
14.3702747717555059
-0.6853707414829660
14.4571062902985332
-0.6773547094188377
14.5654671433418805
-0.6693386773547094
14.6163604922951436
-0.6613226452905814
14.6317542592579333
-0.6533066132264531
14.8177966102639527
-0.6452905811623248
14.8520018089095824
-0.6372745490981966
14.9128280999766911
-0.6292585170340683
15.0275366505499992
-0.6212424849699401
15.0302576973791879
-0.6132264529058118
15.0666592224025031
-0.6052104208416835
15.2075745204418240
-0.5971943887775553
15.2224393421953383
-0.5891783567134270
15.4131358606871167
-0.5811623246492987
15.3271205478400372
-0.5731462925851705
15.4595166911261188
-0.5651302605210422
15.6528082926867960
-0.5571142284569139
15.5034426537805725
-0.5490981963927857
15.5727838363091653
-0.5410821643286574
15.7293335158958012
-0.5330661322645291
15.7548495578648531
-0.5250501002004009
15.8083607336794341
-0.5170340681362726
15.8182226905271612
-0.5090180360721444
15.9061291739315838
-0.5010020040080161
16.0786697328979606
-0.4929859719438878
16.0194850269842561
-0.4849699398797596
16.1261590015165481
-0.4769539078156313
16.0814363868040218
-0.4689378757515030
16.1919205574416196
-0.4609218436873750
16.1771204493011425
-0.4529058116232467
16.3051726942419855
-0.4448897795591185
16.4456295756268105
-0.4368737474949902
16.4349770533741157
-0.4288577154308619
16.4304597611320560
-0.4208416833667337
16.5241305307313127
-0.4128256513026054
16.5822286690780203
-0.4048096192384771
16.6042933168845153
-0.3967935871743489
16.7899799647392989
-0.3887775551102206
16.6985680510298948
-0.3807615230460923
16.6054746269524109
-0.3727454909819641
16.7706364048514374
-0.3647294589178358
16.7831233163077940
-0.3567134268537075
16.8530483802843527
-0.3486973947895793
16.8402467974529984
-0.3406813627254510
16.9044777866582976
-0.3326653306613228
16.9720322320808634
-0.3246492985971945
16.9855349022849431
-0.3166332665330662
17.0555290867489653
-0.3086172344689380
17.1094802301391908
-0.3006012024048097
17.2633360542212664
-0.2925851703406814
17.1287408805219457
-0.2845691382765532
17.0932971976944224
-0.2765531062124249
17.1875214379556773
-0.2685370741482966
17.2691258377962704
-0.2605210420841684
17.2642421303897819
-0.2525050100200403
17.2526610079786842
-0.2444889779559121
17.2522662382512380
-0.2364729458917838
17.4539786068090095
-0.2284569138276555
17.3658717322870153
-0.2204408817635273
17.3663546017609640
-0.2124248496993990
17.4065173316921609
-0.2044088176352707
17.5649814608974175
-0.1963927855711425
17.5024412236037215
-0.1883767535070142
17.4950599763307117
-0.1803607214428860
17.4025630484575800
-0.1723446893787577
17.2951275687824335
-0.1643286573146294
17.4535393070389553
-0.1563126252505012
17.4795099281555295
-0.1482965931863729
17.6181709912406070
-0.1402805611222446
17.5077740887956708
-0.1322645290581164
17.6636023010267458
-0.1242484969939881
17.4904636738133235
-0.1162324649298598
17.6774826304747847
-0.1082164328657316
17.5321639056009317
-0.1002004008016033
17.5996416828267996
-0.0921843687374750
17.4463464812168070
-0.0841683366733468
17.8681450457641979
-0.0761523046092185
17.8485191451498793
-0.0681362725450902
17.6175973437450750
-0.0601202404809620
17.7886416105161409
-0.0521042084168337
17.6893757271607548
-0.0440881763527057
17.5405332571226715
-0.0360721442885774
17.6713482131184598
-0.0280561122244491
17.8754733778697563
-0.0200400801603209
17.6761948477027211
-0.0120240480961926
17.6224477327905262
-0.0040080160320644
17.6973009779998058
0.0040080160320639
17.5134964582102306
0.0120240480961922
17.7234568961383481
0.0200400801603204
17.6452893970436442
0.0280561122244487
17.6435868476063256
0.0360721442885770
17.6261741099598623
0.0440881763527052
17.6794012279848403
0.0521042084168335
17.7342345357006899
0.0601202404809618
17.7499854965441983
0.0681362725450900
17.6186761636301235
0.0761523046092183
17.6303061049047827
0.0841683366733466
17.5818068512152088
0.0921843687374748
17.6280273276421298
0.1002004008016031
17.5975874480370749
0.1082164328657313
17.6336545046945474
0.1162324649298596
17.5772308325265669
0.1242484969939879
17.6071665244397870
0.1322645290581161
17.4417294670319123
0.1402805611222444
17.5606062007380395
0.1482965931863727
17.4675230915650097
0.1563126252505009
17.5863595603867005
0.1643286573146292
17.4800136482829167
0.1723446893787575
17.3965165363552181
0.1803607214428857
17.5531914941280078
0.1883767535070140
17.4961251690954747
0.1963927855711423
17.3906660371300958
0.2044088176352705
17.3824149625524633
0.2124248496993988
17.3513014303811630
0.2204408817635271
17.3651339023380906
0.2284569138276553
17.3749312771541256
0.2364729458917836
17.1946492143563994
0.2444889779559118
17.3354155203612486
0.2525050100200401
17.2965201309524552
0.2605210420841679
17.1854354986528151
0.2685370741482962
17.2464570519118681
0.2765531062124245
17.1486260805106490
0.2845691382765527
17.2122334168489175
0.2925851703406810
17.0371180281846257
0.3006012024048093
17.0426706263273502
0.3086172344689375
16.8986283557041119
0.3166332665330658
17.0311468811087892
0.3246492985971940
16.8324692097733077
0.3326653306613223
16.8536436888601457
0.3406813627254506
16.8677206941145776
0.3486973947895788
16.7143352959100433
0.3567134268537071
16.6919701230686250
0.3647294589178354
16.8071052261944125
0.3727454909819636
16.6264368101352318
0.3807615230460919
16.7158482730153786
0.3887775551102202
16.5664706317842203
0.3967935871743484
16.5423249119267339
0.4048096192384767
16.4818472941410334
0.4128256513026050
16.3981472048054044
0.4208416833667332
16.3852677476240309
0.4288577154308615
16.3454577994817924
0.4368737474949898
16.1786123903962213
0.4448897795591180
16.4830411217334181
0.4529058116232463
16.2495871265681764
0.4609218436873745
16.1921285244398341
0.4689378757515028
16.1451407615449334
0.4769539078156311
16.0159706326737030
0.4849699398797593
16.0070836037007567
0.4929859719438876
15.8648802545482557
0.5010020040080159
15.8836991228586015
0.5090180360721441
15.7979597282047308
0.5170340681362724
15.7013902598510189
0.5250501002004007
15.7282496276012616
0.5330661322645289
15.6412967739942435
0.5410821643286572
15.5909550806325718
0.5490981963927855
15.4582547934203749
0.5571142284569137
15.3148563852557817
0.5651302605210420
15.4035737562935147
0.5731462925851702
15.2160576563522039
0.5811623246492985
15.2682379951440019
0.5891783567134268
15.3086766204742855
0.5971943887775550
15.1189592423432018
0.6052104208416833
15.0429415290723973
0.6132264529058116
14.9767237479388111
0.6212424849699398
14.8930322207528718
0.6292585170340681
14.7732251404299841
0.6372745490981964
14.8105148336825856
0.6452905811623246
14.6702110229358169
0.6533066132264529
14.6306569090341387
0.6613226452905812
14.5708860969908276
0.6693386773547090
14.4646965121362374
0.6773547094188372
14.2958407669775234
0.6853707414829655
14.3108402660896470
0.6933867735470938
14.2852506052981880
0.7014028056112220
14.2107775123793392
0.7094188376753503
14.1774515888699142
0.7174348697394786
14.1178536564274157
0.7254509018036068
13.8760659008639138
0.7334669338677351
13.9083116224626941
0.7414829659318634
13.6888016410871938
0.7494989979959916
13.7680143395044521
0.7575150300601199
13.6635027712061596
0.7655310621242482
13.6374642839538822
0.7735470941883764
13.5130624149993572
0.7815631262525047
13.5258915100802639
0.7895791583166329
13.3088254376165676
0.7975951903807612
13.3803232650355444
0.8056112224448895
13.3760712680428764
0.8136272545090177
13.2366751035855810
0.8216432865731460
13.1258020693160091
0.8296593186372743
13.0434340929728361
0.8376753507014025
13.0876523141882597
0.8456913827655308
12.8995232447345654
0.8537074148296591
12.8276689557416113
0.8617234468937873
12.7827708891711342
0.8697394789579156
12.6990002225853384
0.8777555110220439
12.5467341102783312
0.8857715430861721
12.5328346108425688
0.8937875751503004
12.4715454680414624
0.9018036072144286
12.4733620011973692
0.9098196392785569
12.3291794298024016
0.9178356713426852
12.2883767731619855
0.9258517034068134
12.1909898197867275
0.9338677354709417
12.0500171454547420
0.9418837675350700
11.9863240405588929
0.9498997995991982
12.0569194174011116
0.9579158316633265
11.9382160762963387
0.9659318637274548
11.8103614884017034
0.9739478957915830
11.7488890955164607
0.9819639278557113
11.7628723037296332
0.9899799599198396
11.5801278705464004
0.9979959919839678
11.5435584384037782
1.0060120240480961
11.4471343441032190
1.0140280561122244
11.3749179023401386
1.0220440881763526
11.3280074805898625
1.0300601202404809
11.2432574696897518
1.0380761523046091
11.2006464482617041
1.0460921843687374
11.1210448476124029
1.0541082164328657
11.0671103787741032
1.0621242484969939
11.0171754900236802
1.0701402805611222
10.9337614261573339
1.0781563126252500
10.8766889169754677
1.0861723446893783
10.8385656588563233
1.0941883767535066
10.7252953990929125
1.1022044088176348
10.6978212124197274
1.1102204408817631
10.6206829673508736
1.1182364729458913
10.5727812023008472
1.1262525050100196
10.4461746679384593
1.1342685370741479
10.4472960018547756
1.1422845691382761
10.3200376221144001
1.1503006012024044
10.2108163125884666
1.1583166332665327
10.2250824093453403
1.1663326653306609
10.1696198408623815
1.1743486973947892
10.1179842895726608
1.1823647294589175
9.9854136779671734
1.1903807615230457
9.9962635315271733
1.1983967935871740
9.9385528028691645
1.2064128256513023
9.8371806166754361
1.2144288577154305
9.7420807875587787
1.2224448897795588
9.6441736234972861
1.2304609218436870
9.6474853130720302
1.2384769539078153
9.5898390275379448
1.2464929859719436
9.5026170749841867
1.2545090180360718
9.4507902921980307
1.2625250501002001
9.3331035668452866
1.2705410821643284
9.3413200970738171
1.2785571142284566
9.2580601657808099
1.2865731462925849
9.1296886747997164
1.2945891783567132
9.1725032550072303
1.3026052104208414
9.0550203360681500
1.3106212424849697
9.0095762525074754
1.3186372745490980
8.9573643399535197
1.3266533066132262
8.8410685729865151
1.3346693386773545
8.8220179523845008
1.3426853707414828
8.7574302024391883
1.3507014028056110
8.6742637063348056
1.3587174348697393
8.5996648626189014
1.3667334669338675
8.5253985539899091
1.3747494989979958
8.5450599006509353
1.3827655310621241
8.4436880832144681
1.3907815631262523
8.4029203162672559
1.3987975951903806
8.3527450950760418
1.4068136272545089
8.2677791857543976
1.4148296593186371
8.1738517869624570
1.4228456913827654
8.1387420791437037
1.4308617234468937
8.0704907176281964
1.4388777555110219
8.0414533624365720
1.4468937875751502
7.9702686948324182
1.4549098196392785
7.9373227804261806
1.4629258517034067
7.8239915003596714
1.4709418837675350
7.7862650825766826
1.4789579158316633
7.7112915432948386
1.4869739478957915
7.6892716249646966
1.4949899799599193
7.6012347927163670
1.5030060120240476
7.5547229504265410
1.5110220440881759
7.4788614801614415
1.5190380761523041
7.4311440197533223
1.5270541082164324
7.3444778715042816
1.5350701402805607
7.2848719691914177
1.5430861723446889
7.2533331907402578
1.5511022044088172
7.1928082917771770
1.5591182364729455
7.1370765528378213
1.5671342685370737
7.0584419678740433
1.5751503006012020
7.0020684795852386
1.5831663326653302
6.9352791515760313
1.5911823647294585
6.9206024957532994
1.5991983967935868
6.8334436755142498
1.6072144288577150
6.7779506437611285
1.6152304609218433
6.7263831424177560
1.6232464929859716
6.6709304226452835
1.6312625250500998
6.5959729070694708
1.6392785571142281
6.5328750053340672
1.6472945891783564
6.5072900959686359
1.6553106212424846
6.4461914086385077
1.6633266533066129
6.3941793721215472
1.6713426853707412
6.3430085055556980
1.6793587174348694
6.3028532763208638
1.6873747494989977
6.2520090439333877
1.6953907815631259
6.1697334800577552
1.7034068136272542
6.0989326757494018
1.7114228456913825
6.0353194925994273
1.7194388777555107
6.0127447601032298
1.7274549098196390
5.9753812177116270
1.7354709418837673
5.8933086171028295
1.7434869739478955
5.8498029017027129
1.7515030060120238
5.7936340183908435
1.7595190380761521
5.7403435127819833
1.7675350701402803
5.6926491335439167
1.7755511022044086
5.6319519424799775
1.7835671342685369
5.5833111798572324
1.7915831663326651
5.4985455041584705
1.7995991983967934
5.4636979297892942
1.8076152304609217
5.4263854909978795
1.8156312625250499
5.3656660542792416
1.8236472945891782
5.3375954306376983
1.8316633266533064
5.2512217718524798
1.8396793587174347
5.2265500631309623
1.8476953907815630
5.1727920884122760
1.8557114228456912
5.1051384082175799
1.8637274549098195
5.0757577864437389
1.8717434869739478
5.0176192669820479
1.8797595190380760
4.9646732512122940
1.8877755511022043
4.9364986657235121
1.8957915831663326
4.8686448579680146
1.9038076152304604
4.8111598007560641
1.9118236472945886
4.7847481177056475
1.9198396793587169
4.7274374345331687
1.9278557114228452
4.6794858886743560
1.9358717434869734
4.6375908323194901
1.9438877755511017
4.5803332655930840
1.9519038076152300
4.5330719258009013
1.9599198396793582
4.4806152354481839
1.9679358717434865
4.4267025232422155
1.9759519038076148
4.3987026478781468
1.9839679358717430
4.3374651827565245
1.9919839679358713
4.2984169429384149
2.0000000000000000
