8.2314038296933543
-2.0000000000000000
8.5475073918728253
-1.9919839679358717
8.9640191119827062
-1.9839679358717435
9.4211444722466009
-1.9759519038076152
9.8241720917809410
-1.9679358717434869
10.2633798215669501
-1.9599198396793587
10.7375377301233907
-1.9519038076152304
11.1784485260435886
-1.9438877755511021
11.6941221988225497
-1.9358717434869739
12.1678009326711454
-1.9278557114228456
12.6287607774796182
-1.9198396793587174
13.1713615914688962
-1.9118236472945891
13.6518596610650711
-1.9038076152304608
14.3745911443182539
-1.8957915831663326
14.8289786164462232
-1.8877755511022045
15.3888354235435987
-1.8797595190380763
15.9996847696848494
-1.8717434869739480
16.5022385697004808
-1.8637274549098197
17.2680375130867638
-1.8557114228456915
17.7540889543560638
-1.8476953907815632
18.3247226023276220
-1.8396793587174349
19.0021624964364335
-1.8316633266533067
19.6497671288221305
-1.8236472945891784
20.2304811000549201
-1.8156312625250501
20.9418374003050545
-1.8076152304609219
21.4580652803306364
-1.7995991983967936
22.1536792326936158
-1.7915831663326653
22.7273384903018183
-1.7835671342685371
23.5478130785617701
-1.7755511022044088
23.9785397352368967
-1.7675350701402806
24.9054580269255617
-1.7595190380761523
25.6646327206630609
-1.7515030060120240
26.4318337200776625
-1.7434869739478958
26.8497850459296821
-1.7354709418837675
27.6577967113121126
-1.7274549098196392
28.6251935992427065
-1.7194388777555110
29.0938110002005281
-1.7114228456913829
30.0631595681454371
-1.7034068136272547
30.8090576691267835
-1.6953907815631264
31.3439165264489574
-1.6873747494989981
32.1237371856658669
-1.6793587174348699
32.5592339715875525
-1.6713426853707416
33.8182943544503161
-1.6633266533066133
34.4751092959680037
-1.6553106212424851
35.3631147021201784
-1.6472945891783568
36.0046991290042300
-1.6392785571142285
37.0350848505061023
-1.6312625250501003
37.9647869572437102
-1.6232464929859720
38.2946570235503927
-1.6152304609218437
38.9460731522575685
-1.6072144288577155
39.7486833684259651
-1.5991983967935872
40.4482539012560025
-1.5911823647294590
41.7851829550876488
-1.5831663326653307
42.2463347821778754
-1.5751503006012024
43.1747157675366182
-1.5671342685370742
43.4985900533147571
-1.5591182364729459
44.8073546614398666
-1.5511022044088176
45.3929016269612617
-1.5430861723446894
46.4878931076325941
-1.5350701402805611
47.6192849530655451
-1.5270541082164328
47.8842203992689477
-1.5190380761523046
48.9500979238727325
-1.5110220440881763
50.5817312524493801
-1.5030060120240480
50.5123207261894933
-1.4949899799599198
51.1607365357628794
-1.4869739478957915
52.1936827984045806
-1.4789579158316633
52.6841230257135678
-1.4709418837675350
53.6826490233054088
-1.4629258517034067
54.8876995069882838
-1.4549098196392785
55.0592887252511929
-1.4468937875751502
56.8856284081110672
-1.4388777555110219
56.4607470423465045
-1.4308617234468939
57.2674104998882072
-1.4228456913827656
59.2603128349169666
-1.4148296593186374
58.8140998998000484
-1.4068136272545091
60.3284876206163574
-1.3987975951903808
61.6735926054697359
-1.3907815631262526
63.0878668410330263
-1.3827655310621243
63.5988337442743727
-1.3747494989979960
64.5729122279623340
-1.3667334669338678
65.1070456793177499
-1.3587174348697395
66.1972758672933992
-1.3507014028056112
66.1199288866593236
-1.3426853707414830
66.9564049393664362
-1.3346693386773547
68.0383550082605808
-1.3266533066132267
70.3477825860674955
-1.3186372745490984
70.6247576618304578
-1.3106212424849701
70.3668290827625640
-1.3026052104208419
71.2533894182019765
-1.2945891783567136
74.2487480270259965
-1.2865731462925853
74.3201782162662283
-1.2785571142284571
74.6990079918196983
-1.2705410821643288
75.6920385106121785
-1.2625250501002006
76.5400056562597939
-1.2545090180360723
77.9262007684667140
-1.2464929859719440
79.3156346856176384
-1.2384769539078158
78.9055354692878552
-1.2304609218436875
79.8974646535777566
-1.2224448897795592
81.0027842418760571
-1.2144288577154310
82.3588965412913012
-1.2064128256513027
83.9942638050281545
-1.1983967935871744
83.5774956506185731
-1.1903807615230462
84.1425189503631117
-1.1823647294589179
85.5220496395904775
-1.1743486973947896
85.9423719058135589
-1.1663326653306614
86.9441513538701827
-1.1583166332665331
88.8407110236233137
-1.1503006012024048
89.7509923166952888
-1.1422845691382766
90.9933519302632305
-1.1342685370741483
91.9099089544058643
-1.1262525050100201
90.5638654430160273
-1.1182364729458918
91.1595183916340659
-1.1102204408817635
93.5272292803112464
-1.1022044088176353
95.4151028959581424
-1.0941883767535070
96.5260605193167009
-1.0861723446893787
96.1307016794057461
-1.0781563126252505
95.9395407988292703
-1.0701402805611222
97.0489365702117510
-1.0621242484969939
97.5070980164544636
-1.0541082164328657
100.0748578186346123
-1.0460921843687374
102.0681167056936260
-1.0380761523046091
99.9218308763913257
-1.0300601202404809
100.6160709728783189
-1.0220440881763528
103.5707812037247635
-1.0140280561122246
105.6085721801550932
-1.0060120240480963
103.2826075466492313
-0.9979959919839680
103.9732266464094721
-0.9899799599198398
103.4671745652863990
-0.9819639278557115
107.1596740560812151
-0.9739478957915833
108.8472121298794946
-0.9659318637274550
110.0903957939552527
-0.9579158316633267
108.9924063251562814
-0.9498997995991985
108.9761376937918271
-0.9418837675350702
112.3572168097087172
-0.9338677354709419
112.0958590859260369
-0.9258517034068137
112.3127887048835447
-0.9178356713426854
111.8261436920089551
-0.9098196392785571
115.0071161841662644
-0.9018036072144289
114.5680255656892115
-0.8937875751503006
113.0173141214146852
-0.8857715430861723
118.1566889169480845
-0.8777555110220441
116.1035921247645604
-0.8697394789579160
118.6698440987915149
-0.8617234468937878
118.5047311765547562
-0.8537074148296595
120.6168482134392406
-0.8456913827655312
121.1481101801008293
-0.8376753507014030
121.2931010548216051
-0.8296593186372747
121.5617425288041460
-0.8216432865731464
123.7609980454841292
-0.8136272545090182
124.4510047775906685
-0.8056112224448899
127.2452352247287735
-0.7975951903807617
124.8531836947054927
-0.7895791583166334
128.6748472275542667
-0.7815631262525051
128.1570585699855371
-0.7735470941883769
126.3933671013224114
-0.7655310621242486
129.5608546021446443
-0.7575150300601203
130.7803512897140479
-0.7494989979959921
129.0736781227388406
-0.7414829659318638
134.2921224246025247
-0.7334669338677355
132.4582051552838493
-0.7254509018036073
131.0047942076396623
-0.7174348697394790
137.6661120748428573
-0.7094188376753507
132.9841993137446536
-0.7014028056112225
137.2470257202698747
-0.6933867735470942
136.3128880158062657
-0.6853707414829660
134.0572657298712329
-0.6773547094188377
136.2897516550665671
-0.6693386773547094
139.0011993406141926
-0.6613226452905814
140.5634775673526917
-0.6533066132264531
139.3233957755189465
-0.6452905811623248
137.8660074749201385
-0.6372745490981966
142.0623340144750273
-0.6292585170340683
139.7807392150403700
-0.6212424849699401
143.8932293993446763
-0.6132264529058118
142.3802442507845001
-0.6052104208416835
141.2868189835037356
-0.5971943887775553
147.0862916204812905
-0.5891783567134270
149.6073145884597295
-0.5811623246492987
143.9899233153615512
-0.5731462925851705
146.3266520077643804
-0.5651302605210422
146.0055782824383641
-0.5571142284569139
147.8304644175161116
-0.5490981963927857
149.3498573185944736
-0.5410821643286574
150.5560174665360478
-0.5330661322645291
148.7144624285737109
-0.5250501002004009
151.7652428954817481
-0.5170340681362726
151.2171621944173410
-0.5090180360721444
150.7952538812088505
-0.5010020040080161
151.7854795149200129
-0.4929859719438878
154.7554891215188491
-0.4849699398797596
152.8432826102264244
-0.4769539078156313
151.7380558147123395
-0.4689378757515030
151.4560618690082379
-0.4609218436873750
154.1596572655151647
-0.4529058116232467
154.9690171883783592
-0.4448897795591185
156.4946662825957162
-0.4368737474949902
157.6731462451219556
-0.4288577154308619
156.3290428609818150
-0.4208416833667337
156.2894428695905162
-0.4128256513026054
161.0594670704004727
-0.4048096192384771
163.0214714213327056
-0.3967935871743489
158.9179171076775106
-0.3887775551102206
155.1342317764514576
-0.3807615230460923
159.3031456151354632
-0.3727454909819641
160.4945707177995757
-0.3647294589178358
163.4254302279566389
-0.3567134268537075
163.2087841287348056
-0.3486973947895793
162.5431786259850639
-0.3406813627254510
162.4624560159444968
-0.3326653306613228
163.5115573528841821
-0.3246492985971945
160.9587768954885973
-0.3166332665330662
164.3882888663627853
-0.3086172344689380
164.4902790712138767
-0.3006012024048097
173.7972585619143331
-0.2925851703406814
165.1803982629570839
-0.2845691382765532
166.1867944378243749
-0.2765531062124249
162.9760211710859323
-0.2685370741482966
164.5518172443450453
-0.2605210420841684
170.0117163156016034
-0.2525050100200403
168.8685835281053471
-0.2444889779559121
171.0160939999184109
-0.2364729458917838
167.8443464459435006
-0.2284569138276555
167.2655131068905519
-0.2204408817635273
167.6257584562331999
-0.2124248496993990
172.2287018053084182
-0.2044088176352707
175.5865320904136695
-0.1963927855711425
171.8028083747300911
-0.1883767535070142
180.5832663533306572
-0.1803607214428860
179.5147554604658353
-0.1723446893787577
169.6369792498266520
-0.1643286573146294
179.6054372501613159
-0.1563126252505012
178.0549346006517055
-0.1482965931863729
186.6319371684240309
-0.1402805611222446
178.1604358109219959
-0.1322645290581164
182.0473198508073267
-0.1242484969939881
184.6877365473910970
-0.1162324649298598
192.1399652650245571
-0.1082164328657316
184.2591377938381925
-0.1002004008016033
185.7004032528762707
-0.0921843687374750
184.4205827621021001
-0.0841683366733468
192.5982968588646145
-0.0761523046092185
191.5251378332167747
-0.0681362725450902
191.1576103483216400
-0.0601202404809620
197.4817567510706908
-0.0521042084168337
193.2434554490060350
-0.0440881763527057
195.5338521108922123
-0.0360721442885774
197.8134562403491259
-0.0280561122244491
204.1500192764121095
-0.0200400801603209
192.9933074846464081
-0.0120240480961926
192.5509367192503589
-0.0040080160320644
198.1036863587640937
0.0040080160320639
190.2279735927707236
0.0120240480961922
199.9242539304753450
0.0200400801603204
205.3455409041979749
0.0280561122244487
194.2132027720394660
0.0360721442885770
187.9209898250406354
0.0440881763527052
192.3300725384753775
0.0521042084168335
192.6183989410604624
0.0601202404809618
188.1709977919194330
0.0681362725450900
190.3997872137382217
0.0761523046092183
188.4158580369501124
0.0841683366733466
191.2481112487561745
0.0921843687374748
180.3822893853078426
0.1002004008016031
180.5243252793956970
0.1082164328657313
181.8032707271585480
0.1162324649298596
182.2682740419924414
0.1242484969939879
178.6350212910493553
0.1322645290581161
173.1672089576516953
0.1402805611222444
180.0891702315687155
0.1482965931863727
172.6803242542596024
0.1563126252505009
182.2928896761236501
0.1643286573146292
180.8698313618006637
0.1723446893787575
177.5916752634779527
0.1803607214428857
170.0650622432103205
0.1883767535070140
175.0019451544279718
0.1963927855711423
170.1795928558891546
0.2044088176352705
166.5458961556263944
0.2124248496993988
170.2012177616998088
0.2204408817635271
172.8452813735565314
0.2284569138276553
172.8256050979993859
0.2364729458917836
170.7829745879335803
0.2444889779559118
173.0665759150262204
0.2525050100200401
171.5710235390392029
0.2605210420841679
167.6341643130772354
0.2685370741482962
161.1068450779316095
0.2765531062124245
166.9168371888764568
0.2845691382765527
166.5595714497009681
0.2925851703406810
168.1540523054924847
0.3006012024048093
165.0232274876602503
0.3086172344689375
163.6211005406336767
0.3166332665330658
166.3988391503781656
0.3246492985971940
163.9273479005302931
0.3326653306613223
162.7578665489570255
0.3406813627254506
164.2605092364820223
0.3486973947895788
163.2614632347320480
0.3567134268537071
164.6215314545459591
0.3647294589178354
158.3865746878838081
0.3727454909819636
163.7066768701071169
0.3807615230460919
159.7079380398046453
0.3887775551102202
160.7227445089224318
0.3967935871743484
158.3294659894405356
0.4048096192384767
152.3705893705169672
0.4128256513026050
159.4964071679244455
0.4208416833667332
156.6086807827954885
0.4288577154308615
154.8579840416262812
0.4368737474949898
154.3554534375662683
0.4448897795591180
155.3137104143184501
0.4529058116232463
152.6394959972108722
0.4609218436873745
155.4765866616004928
0.4689378757515028
152.2042774894196384
0.4769539078156311
157.6719383759798916
0.4849699398797593
151.0294102907649858
0.4929859719438876
149.8022653386546494
0.5010020040080159
150.3520231555887960
0.5090180360721441
149.1097348840382892
0.5170340681362724
149.3418896408525143
0.5250501002004007
148.0337584291740143
0.5330661322645289
149.8389988835636757
0.5410821643286572
148.1144750468874065
0.5490981963927855
145.7669472633997998
0.5571142284569137
144.2501457176342115
0.5651302605210420
145.5742642420019877
0.5731462925851702
144.8904185164752221
0.5811623246492985
141.0167854118139132
0.5891783567134268
144.0722643486391803
0.5971943887775550
140.3829849714685736
0.6052104208416833
137.5507933836564121
0.6132264529058116
145.0191898437546172
0.6212424849699398
143.2104434957616377
0.6292585170340681
144.1639270033520575
0.6372745490981964
140.5778028965813178
0.6452905811623246
135.8365931329268506
0.6533066132264529
138.5924424928570886
0.6613226452905812
138.9016135588936152
0.6693386773547090
134.4855503523488665
0.6773547094188372
132.7612539625096986
0.6853707414829655
135.9473836723709894
0.6933867735470938
131.9062697762507810
0.7014028056112220
135.7164360645598720
0.7094188376753503
131.2405331973304499
0.7174348697394786
135.5051252168679525
0.7254509018036068
131.3849039626390720
0.7334669338677351
132.8440691936267797
0.7414829659318634
129.6330712544123855
0.7494989979959916
128.1529458852363348
0.7575150300601199
123.6681230542580607
0.7655310621242482
127.3036576100846133
0.7735470941883764
126.2458258548080892
0.7815631262525047
126.5461279348775747
0.7895791583166329
124.7556085602901135
0.7975951903807612
120.8785876278185754
0.8056112224448895
126.5581558662110524
0.8136272545090177
125.6509941868591227
0.8216432865731460
120.7997063041905790
0.8296593186372743
119.5087429849306204
0.8376753507014025
122.6305357222299222
0.8456913827655308
119.4188668307553911
0.8537074148296591
118.6433241296650891
0.8617234468937873
117.3113420617996212
0.8697394789579156
118.0419463955471571
0.8777555110220439
114.5688742791224826
0.8857715430861721
113.1506210848234844
0.8937875751503004
112.2757958503770226
0.9018036072144286
113.5699990072678673
0.9098196392785569
113.3701717039439245
0.9178356713426852
111.2944844994330253
0.9258517034068134
110.8641512755058756
0.9338677354709417
109.4719280521729559
0.9418837675350700
107.2237151102151671
0.9498997995991982
107.9762678016198123
0.9579158316633265
110.1443699275950223
0.9659318637274548
107.3260962044965225
0.9739478957915830
104.5270010851401139
0.9819639278557113
105.8937579252308154
0.9899799599198396
104.0450449641489286
0.9979959919839678
102.1672461938054539
1.0060120240480961
100.9582633007271681
1.0140280561122244
101.5283243517269796
1.0220440881763526
101.3723576215088116
1.0300601202404809
101.2035621019867904
1.0380761523046091
99.1770003488425402
1.0460921843687374
97.1325492729486371
1.0541082164328657
97.8411732473497580
1.0621242484969939
95.9264048484355385
1.0701402805611222
93.6961555017140597
1.0781563126252500
93.4728458890964191
1.0861723446893783
95.1328678495968774
1.0941883767535066
90.5685801045529644
1.1022044088176348
91.5263847145525915
1.1102204408817631
92.0750277130323269
1.1182364729458913
90.9985387287286471
1.1262525050100196
91.0606601144039445
1.1342685370741479
89.5530843701651236
1.1422845691382761
88.5642126071567475
1.1503006012024044
85.4418511000277476
1.1583166332665327
86.7200070990697327
1.1663326653306609
86.5184476621772660
1.1743486973947892
85.7067375764613217
1.1823647294589175
83.7378753395996966
1.1903807615230457
82.7357406846510202
1.1983967935871740
81.9774735590169144
1.2064128256513023
81.0894567474111057
1.2144288577154305
80.2513562080259391
1.2224448897795588
78.4307357640368963
1.2304609218436870
79.1288996354096668
1.2384769539078153
77.8458750083154740
1.2464929859719436
75.6602195205325216
1.2545090180360718
76.7783954592112821
1.2625250501002001
73.3662547155285836
1.2705410821643284
74.9269962534716996
1.2785571142284566
73.0479255231565077
1.2865731462925849
72.7186796624865224
1.2945891783567132
72.0459189714537303
1.3026052104208414
71.1041802596759993
1.3106212424849697
70.4633443532819541
1.3186372745490980
68.7832627704902961
1.3266533066132262
67.3214617024620878
1.3346693386773545
67.2746841347896947
1.3426853707414828
66.4445275632187418
1.3507014028056110
65.7290095576542228
1.3587174348697393
63.4737885133226243
1.3667334669338675
62.7225347633449175
1.3747494989979958
62.5222887311714928
1.3827655310621241
61.8572376445278920
1.3907815631262523
61.2556700423819009
1.3987975951903806
60.9106270118353166
1.4068136272545089
59.2945766533515339
1.4148296593186371
57.6954022635257004
1.4228456913827654
57.3550682925260702
1.4308617234468937
56.2806364405192099
1.4388777555110219
55.0926152755136869
1.4468937875751502
54.8654048516002675
1.4549098196392785
53.7275341369741852
1.4629258517034067
52.8583474888203213
1.4709418837675350
51.4405259734186160
1.4789579158316633
51.2804546716292933
1.4869739478957915
50.9927575082578315
1.4949899799599193
49.9037002053367971
1.5030060120240476
48.5828727242102403
1.5110220440881759
48.3224520874553534
1.5190380761523041
47.3641653407457568
1.5270541082164324
45.5641549961716379
1.5350701402805607
45.2515148668725971
1.5430861723446889
45.2614424134083038
1.5511022044088172
43.6373392449614244
1.5591182364729455
43.0441546525365979
1.5671342685370737
42.2507295853761491
1.5751503006012020
41.5812795373018105
1.5831663326653302
40.7881133525389359
1.5911823647294585
39.9458409131597847
1.5991983967935868
39.0282142433802051
1.6072144288577150
38.0978122776506467
1.6152304609218433
37.1515766442555773
1.6232464929859716
36.6282258721366887
1.6312625250500998
35.8336234342050730
1.6392785571142281
35.0083994452310492
1.6472945891783564
34.2226192556133313
1.6553106212424846
33.9548978992671735
1.6633266533066129
32.8892692976347405
1.6713426853707412
32.1252286082295200
1.6793587174348694
31.4431556866216795
1.6873747494989977
30.5071039877098755
1.6953907815631259
29.6891743732753817
1.7034068136272542
29.1612386320102921
1.7114228456913825
28.3842032092656531
1.7194388777555107
27.7181324711997092
1.7274549098196390
27.0215092064516256
1.7354709418837673
26.3286365420451176
1.7434869739478955
25.5282423046860956
1.7515030060120238
24.9268028846294314
1.7595190380761521
24.1652974552084565
1.7675350701402803
23.4604430595268703
1.7755511022044086
22.7966280038679798
1.7835671342685369
22.0592412763961825
1.7915831663326651
21.2991544398151831
1.7995991983967934
20.7597040611699342
1.8076152304609217
20.3022729195279155
1.8156312625250499
19.5058912873262997
1.8236472945891782
18.9872306210564012
1.8316633266533064
18.4920846695599081
1.8396793587174347
17.7834721504696276
1.8476953907815630
17.0168599206483186
1.8557114228456912
16.4783553969517165
1.8637274549098195
15.9411023533232186
1.8717434869739478
15.3101498413466590
1.8797595190380760
14.6931063231233825
1.8877755511022043
14.2896149652718414
1.8957915831663326
13.7177846821663447
1.9038076152304604
13.1436138511337361
1.9118236472945886
12.6612229134860730
1.9198396793587169
12.1456016115791172
1.9278557114228452
11.7109149652802333
1.9358717434869734
11.2005334875401239
1.9438877755511017
10.6780047563398881
1.9519038076152300
10.3126337347842529
1.9599198396793582
9.8504005387999154
1.9679358717434865
9.4128747793423635
1.9759519038076148
8.9975264481899497
1.9839679358717430
8.5961399933037796
1.9919839679358713
8.2143907289719884
2.0000000000000000
