3.6881913933738000
-2.0000000000000000
3.7169433779842316
-1.9919839679358717
3.7368536226661484
-1.9839679358717435
3.7879069790229738
-1.9759519038076152
3.8159242041688657
-1.9679358717434869
3.8392432740535583
-1.9599198396793587
3.8572304488382532
-1.9519038076152304
3.8942069534449346
-1.9438877755511021
3.9286175636806426
-1.9358717434869739
3.9592775651125911
-1.9278557114228456
3.9880965142784301
-1.9198396793587174
4.0053568579265404
-1.9118236472945891
4.0442551325022587
-1.9038076152304608
4.0708180370631766
-1.8957915831663326
4.1108772646814851
-1.8877755511022045
4.1290796890884280
-1.8797595190380763
4.1673036161028181
-1.8717434869739480
4.1923998423106612
-1.8637274549098197
4.2438684025568847
-1.8557114228456915
4.2461217446301989
-1.8476953907815632
4.2985124017702327
-1.8396793587174349
4.3069441564574982
-1.8316633266533067
4.3508530035055291
-1.8236472945891784
4.3890191720936000
-1.8156312625250501
4.4152547954573160
-1.8076152304609219
4.4403986762162742
-1.7995991983967936
4.4822055604117095
-1.7915831663326653
4.5093727485179809
-1.7835671342685371
4.5423749548849388
-1.7755511022044088
4.5773271273662059
-1.7675350701402806
4.6193150844822002
-1.7595190380761523
4.6471651524782596
-1.7515030060120240
4.6837789750545991
-1.7434869739478958
4.6924306300504970
-1.7354709418837675
4.7357414875066439
-1.7274549098196392
4.7930857841104002
-1.7194388777555110
4.7929596703280826
-1.7114228456913829
4.8217502604712648
-1.7034068136272547
4.8468604380625067
-1.6953907815631264
4.8891547704856180
-1.6873747494989981
4.9090602147063338
-1.6793587174348699
4.9480901432359650
-1.6713426853707416
4.9918711773776181
-1.6633266533066133
5.0103216177756034
-1.6553106212424851
5.0572364874289528
-1.6472945891783568
5.0969546164702981
-1.6392785571142285
5.1321218592928686
-1.6312625250501003
5.1730455909607844
-1.6232464929859720
5.1907587044695420
-1.6152304609218437
5.2037946508548378
-1.6072144288577155
5.2553689831833488
-1.5991983967935872
5.2735369934623888
-1.5911823647294590
5.3190225881791058
-1.5831663326653307
5.3473973760226947
-1.5751503006012024
5.3767369352382808
-1.5671342685370742
5.4034086891386082
-1.5591182364729459
5.4465243199781082
-1.5511022044088176
5.4910826460284685
-1.5430861723446894
5.5143328487270757
-1.5350701402805611
5.5633625344055222
-1.5270541082164328
5.6064652667927799
-1.5190380761523046
5.6245522363120539
-1.5110220440881763
5.6771378063241347
-1.5030060120240480
5.6966292384200639
-1.4949899799599198
5.7326302874134294
-1.4869739478957915
5.7764066412164272
-1.4789579158316633
5.7981120599990721
-1.4709418837675350
5.8242364985056874
-1.4629258517034067
5.8763845075389680
-1.4549098196392785
5.9058334911132979
-1.4468937875751502
5.9271032291084893
-1.4388777555110219
6.0077852111711838
-1.4308617234468939
6.0039641010252183
-1.4228456913827656
6.0494878784785611
-1.4148296593186374
6.0817036055332956
-1.4068136272545091
6.1192268814941482
-1.3987975951903808
6.1401167074982501
-1.3907815631262526
6.1892017210121288
-1.3827655310621243
6.2541833225133665
-1.3747494989979960
6.2818160074557241
-1.3667334669338678
6.2882219524312104
-1.3587174348697395
6.3441118048262224
-1.3507014028056112
6.3840750601537639
-1.3426853707414830
6.4143414292245513
-1.3346693386773547
6.4390763827722788
-1.3266533066132267
6.4957852477342852
-1.3186372745490984
6.5425856460309300
-1.3106212424849701
6.5487713564216081
-1.3026052104208419
6.5887293293378200
-1.2945891783567136
6.6754378873441436
-1.2865731462925853
6.6855464636584738
-1.2785571142284571
6.7169111085593993
-1.2705410821643288
6.7682081910596992
-1.2625250501002006
6.7844702142483664
-1.2545090180360723
6.8269361912178210
-1.2464929859719440
6.8847652767600600
-1.2384769539078158
6.8935701435757473
-1.2304609218436875
6.9538001748892819
-1.2224448897795592
6.9892582763878472
-1.2144288577154310
7.0068948745364583
-1.2064128256513027
7.0854509180727421
-1.1983967935871744
7.1452597396161899
-1.1903807615230462
7.1752654947560162
-1.1823647294589179
7.2193511727657658
-1.1743486973947896
7.2356809401162288
-1.1663326653306614
7.2705649524850484
-1.1583166332665331
7.3694260475100997
-1.1503006012024048
7.3695061124424566
-1.1422845691382766
7.4364836475437164
-1.1342685370741483
7.4529097664296247
-1.1262525050100201
7.4923812717707374
-1.1182364729458918
7.5327462797203610
-1.1102204408817635
7.6042911923475840
-1.1022044088176353
7.6237260520269787
-1.0941883767535070
7.6609864547162596
-1.0861723446893787
7.7265188865891847
-1.0781563126252505
7.7794893384966928
-1.0701402805611222
7.7749655693924158
-1.0621242484969939
7.8279701242032012
-1.0541082164328657
7.8734411166558145
-1.0460921843687374
7.9238445293788082
-1.0380761523046091
7.9718092610544078
-1.0300601202404809
8.0192272223457497
-1.0220440881763528
8.0894871080748345
-1.0140280561122246
8.1161932126038234
-1.0060120240480963
8.1755392509543672
-0.9979959919839680
8.2072710380142944
-0.9899799599198398
8.1937299459844439
-0.9819639278557115
8.3489544169535161
-0.9739478957915833
8.3744187361231166
-0.9659318637274550
8.4230250161789773
-0.9579158316633267
8.4361072422018601
-0.9498997995991985
8.4601731993516793
-0.9418837675350702
8.5783141451376306
-0.9338677354709419
8.6074400969716187
-0.9258517034068137
8.6016403899048886
-0.9178356713426854
8.6654365393105746
-0.9098196392785571
8.7054845242399992
-0.9018036072144289
8.7727620092226992
-0.8937875751503006
8.8245773744138187
-0.8857715430861723
8.8768418083329426
-0.8777555110220441
8.9121012571351752
-0.8697394789579160
8.9436749128184303
-0.8617234468937878
8.9980785661714648
-0.8537074148296595
9.0490478228736411
-0.8456913827655312
9.1417498765602261
-0.8376753507014030
9.1815075195331382
-0.8296593186372747
9.1946123830543396
-0.8216432865731464
9.2724572696967069
-0.8136272545090182
9.2902444243816280
-0.8056112224448899
9.3878966068921077
-0.7975951903807617
9.4186281004187311
-0.7895791583166334
9.4617859015538794
-0.7815631262525051
9.5284662781224601
-0.7735470941883769
9.5207188278527592
-0.7655310621242486
9.6078500063166263
-0.7575150300601203
9.6417773886340381
-0.7494989979959921
9.6629297806514778
-0.7414829659318638
9.7408024426853981
-0.7334669338677355
9.7458020046407743
-0.7254509018036073
9.7894576639991051
-0.7174348697394790
9.8666569915648576
-0.7094188376753507
9.9380779259298500
-0.7014028056112225
9.9701482035653424
-0.6933867735470942
9.9487425588243035
-0.6853707414829660
9.9931497484646989
-0.6773547094188377
10.0470034367000896
-0.6693386773547094
10.0934788168169707
-0.6613226452905814
10.1085416405042992
-0.6533066132264531
10.2378429360312584
-0.6452905811623248
10.2632642316591713
-0.6372745490981966
10.2902266859447007
-0.6292585170340683
10.3055603167185854
-0.6212424849699401
10.3636680649903195
-0.6132264529058118
10.3743413595126235
-0.6052104208416835
10.4342736769302089
-0.5971943887775553
10.4895457194810593
-0.5891783567134270
10.5440433759083820
-0.5811623246492987
10.5615515550936152
-0.5731462925851705
10.6220497447395292
-0.5651302605210422
10.6703444065708304
-0.5571142284569139
10.6329130699483247
-0.5490981963927857
10.6745485613551274
-0.5410821643286574
10.7468907674756657
-0.5330661322645291
10.6960467464720175
-0.5250501002004009
10.7887515496720425
-0.5170340681362726
10.7971597063372258
-0.5090180360721444
10.8755127991070157
-0.5010020040080161
10.9720502237244730
-0.4929859719438878
10.8881096513050828
-0.4849699398797596
10.9802227453047863
-0.4769539078156313
10.9840694800599543
-0.4689378757515030
10.9983899766850239
-0.4609218436873750
11.0030095808304385
-0.4529058116232467
11.0758006701060054
-0.4448897795591185
11.1381414822301767
-0.4368737474949902
11.1974733141632008
-0.4288577154308619
11.1763862198379229
-0.4208416833667337
11.2082587046285589
-0.4128256513026054
11.1998404596391836
-0.4048096192384771
11.2878455316956838
-0.3967935871743489
11.4141822562156889
-0.3887775551102206
11.3490372366178516
-0.3807615230460923
11.2872320183414132
-0.3727454909819641
11.3960259244533511
-0.3647294589178358
11.3599279473268577
-0.3567134268537075
11.4788985149656284
-0.3486973947895793
11.3874348936069651
-0.3406813627254510
11.3923210447741567
-0.3326653306613228
11.4881522934409706
-0.3246492985971945
11.4809183032329205
-0.3166332665330662
11.5242514369464715
-0.3086172344689380
11.5078269751603059
-0.3006012024048097
11.6578607515651935
-0.2925851703406814
11.6088616267607669
-0.2845691382765532
11.5468272509803604
-0.2765531062124249
11.6580970699430182
-0.2685370741482966
11.6986167246747037
-0.2605210420841684
11.6294783997906102
-0.2525050100200403
11.6664489785330971
-0.2444889779559121
11.6846932740958369
-0.2364729458917838
11.7771919613438172
-0.2284569138276555
11.7368000044755298
-0.2204408817635273
11.7287315066374465
-0.2124248496993990
11.7543330355232243
-0.2044088176352707
11.8123803553057165
-0.1963927855711425
11.8364282799583052
-0.1883767535070142
11.7793791639834478
-0.1803607214428860
11.8195689856085000
-0.1723446893787577
11.7232431437179958
-0.1643286573146294
11.8001793072830008
-0.1563126252505012
11.8797726293760739
-0.1482965931863729
11.8897151961180008
-0.1402805611222446
11.8773309201759645
-0.1322645290581164
11.9572551299563550
-0.1242484969939881
11.8697425366611728
-0.1162324649298598
11.9724606163201290
-0.1082164328657316
11.8524570821527657
-0.1002004008016033
11.9244784663649206
-0.0921843687374750
11.8456520704469970
-0.0841683366733468
12.0296524952240507
-0.0761523046092185
12.0253064918669423
-0.0681362725450902
11.9043585081345977
-0.0601202404809620
11.9911216229164239
-0.0521042084168337
11.9340764958932102
-0.0440881763527057
11.9034356191394526
-0.0360721442885774
11.9592549347882127
-0.0280561122244491
12.0102918648318990
-0.0200400801603209
11.9501569812416477
-0.0120240480961926
11.9840439160752670
-0.0040080160320644
11.9523294822659043
0.0040080160320639
11.8985242310182446
0.0120240480961922
11.9896229575874393
0.0200400801603204
11.9597588649094178
0.0280561122244487
11.9787759887686054
0.0360721442885770
11.9159456733077089
0.0440881763527052
11.9757317924398716
0.0521042084168335
11.9608157023944557
0.0601202404809618
11.9950435785411624
0.0681362725450900
11.9123704648819526
0.0761523046092183
11.9074231223294440
0.0841683366733466
11.8827451180128492
0.0921843687374748
11.9521826613989433
0.1002004008016031
11.9117838005702854
0.1082164328657313
11.8982702981694981
0.1162324649298596
11.8984267798606105
0.1242484969939879
11.9014211852586094
0.1322645290581161
11.7718135114296505
0.1402805611222444
11.8224285847405390
0.1482965931863727
11.8457282442937188
0.1563126252505009
11.8448280203066538
0.1643286573146292
11.8174139901936233
0.1723446893787575
11.7884611951735874
0.1803607214428857
11.8979028650825214
0.1883767535070140
11.8135195306602174
0.1963927855711423
11.7597637805178490
0.2044088176352705
11.7442313323918626
0.2124248496993988
11.7347417628575954
0.2204408817635271
11.7676970816447781
0.2284569138276553
11.7433172490966680
0.2364729458917836
11.6358512245042611
0.2444889779559118
11.7189732279797312
0.2525050100200401
11.6831965505145519
0.2605210420841679
11.6339128033328958
0.2685370741482962
11.6488384684318884
0.2765531062124245
11.6016600854210932
0.2845691382765527
11.5943735717845975
0.2925851703406810
11.4844758999115655
0.3006012024048093
11.5080358133921159
0.3086172344689375
11.4940719201588202
0.3166332665330658
11.5092895074606218
0.3246492985971940
11.4704717205211111
0.3326653306613223
11.4442781618633145
0.3406813627254506
11.4095373158915354
0.3486973947895788
11.3647095718864914
0.3567134268537071
11.2599978714518780
0.3647294589178354
11.3551036234625169
0.3727454909819636
11.2509276355475141
0.3807615230460919
11.3162744629177023
0.3887775551102202
11.2886164126659292
0.3967935871743484
11.2351375230367392
0.4048096192384767
11.1984730774302559
0.4128256513026050
11.1015039460750327
0.4208416833667332
11.1084997094406166
0.4288577154308615
11.1140959808088731
0.4368737474949898
11.0982345748039410
0.4448897795591180
11.1615794048325316
0.4529058116232463
11.0771968615024630
0.4609218436873745
11.0326156752266300
0.4689378757515028
11.0316094831473936
0.4769539078156311
10.9184514337626606
0.4849699398797593
10.8989874992624696
0.4929859719438876
10.8496244233017904
0.5010020040080159
10.8198993016073555
0.5090180360721441
10.8207760949367486
0.5170340681362724
10.7581820165802746
0.5250501002004007
10.7376838520987423
0.5330661322645289
10.7076743151691129
0.5410821643286572
10.6827403920326383
0.5490981963927855
10.6290799808156518
0.5571142284569137
10.4880571682487034
0.5651302605210420
10.5910736539005725
0.5731462925851702
10.4466499428036368
0.5811623246492985
10.4605183169371365
0.5891783567134268
10.4883207279440445
0.5971943887775550
10.4101493195495145
0.6052104208416833
10.3748539316859958
0.6132264529058116
10.3182693032095223
0.6212424849699398
10.2745911165851780
0.6292585170340681
10.2084632649108382
0.6372745490981964
10.2194989660856592
0.6452905811623246
10.1244494792543236
0.6533066132264529
10.0823861267787898
0.6613226452905812
10.0427249753379293
0.6693386773547090
10.0638022676972199
0.6773547094188372
9.9047573302878309
0.6853707414829655
9.9315756626529623
0.6933867735470938
9.9540714063773628
0.7014028056112220
9.8327138351553582
0.7094188376753503
9.8341732444515486
0.7174348697394786
9.8017489952236421
0.7254509018036068
9.6671734591508081
0.7334669338677351
9.6915341309247900
0.7414829659318634
9.6100367293576028
0.7494989979959916
9.6025628964675338
0.7575150300601199
9.4999378904091696
0.7655310621242482
9.4698622457812025
0.7735470941883764
9.4021115507664597
0.7815631262525047
9.3939927096979243
0.7895791583166329
9.3085207394475287
0.7975951903807612
9.3286457058799392
0.8056112224448895
9.3237086465031034
0.8136272545090177
9.2173539730959124
0.8216432865731460
9.1627198691643716
0.8296593186372743
9.1063857497946330
0.8376753507014025
9.1034152506498600
0.8456913827655308
9.0013967366049652
0.8537074148296591
8.9506418843530930
0.8617234468937873
8.9120372420004905
0.8697394789579156
8.8941257115154624
0.8777555110220439
8.8003068838312952
0.8857715430861721
8.7567619676134658
0.8937875751503004
8.7304997228812944
0.9018036072144286
8.7003080203988290
0.9098196392785569
8.6280251012960392
0.9178356713426852
8.6218389464303193
0.9258517034068134
8.5247788654273595
0.9338677354709417
8.4574320705670889
0.9418837675350700
8.4655276491348097
0.9498997995991982
8.4538648419917024
0.9579158316633265
8.3794624349303533
0.9659318637274548
8.2997952322442572
0.9739478957915830
8.2438955980120312
0.9819639278557113
8.2853526041692351
0.9899799599198396
8.1331192444015841
0.9979959919839678
8.1316504772064420
1.0060120240480961
8.0532884965839635
1.0140280561122244
7.9825541821696930
1.0220440881763526
7.9873490233592248
1.0300601202404809
7.9177226384320205
1.0380761523046091
7.8909888236661443
1.0460921843687374
7.8517808594242249
1.0541082164328657
7.8184246811373512
1.0621242484969939
7.7639771167946758
1.0701402805611222
7.7147575295053139
1.0781563126252500
7.6649323993772152
1.0861723446893783
7.6714757816637222
1.0941883767535066
7.5958212105452461
1.1022044088176348
7.5865490414110228
1.1102204408817631
7.5277968848725703
1.1182364729458913
7.4872020216082626
1.1262525050100196
7.4067118559379148
1.1342685370741479
7.3881793611105095
1.1422845691382761
7.3282339973084110
1.1503006012024044
7.2436461527273224
1.1583166332665327
7.2538079866195497
1.1663326653306609
7.2301030664950021
1.1743486973947892
7.1630762151810261
1.1823647294589175
7.0951071627492208
1.1903807615230457
7.0860601732699875
1.1983967935871740
7.0465330670356945
1.2064128256513023
7.0039034598397869
1.2144288577154305
6.9446068122184963
1.2224448897795588
6.8825343070504887
1.2304609218436870
6.9037349202118374
1.2384769539078153
6.8369959442019406
1.2464929859719436
6.8030857466149381
1.2545090180360718
6.7801101420310435
1.2625250501002001
6.7023028589074318
1.2705410821643284
6.6986123708790606
1.2785571142284566
6.6529049589452489
1.2865731462925849
6.5949026289280068
1.2945891783567132
6.5999592177950275
1.3026052104208414
6.5369486834204649
1.3106212424849697
6.4964493252710183
1.3186372745490980
6.4661905540060154
1.3266533066132262
6.4136372147966974
1.3346693386773545
6.3744392579824902
1.3426853707414828
6.3599628243458168
1.3507014028056110
6.2957220783159968
1.3587174348697393
6.2464319144926916
1.3667334669338675
6.2115648694629764
1.3747494989979958
6.2072423279023621
1.3827655310621241
6.1464804783855120
1.3907815631262523
6.1457938455050751
1.3987975951903806
6.1093963868673606
1.4068136272545089
6.0518145742779810
1.4148296593186371
6.0060928544746703
1.4228456913827654
5.9847688294040262
1.4308617234468937
5.9394104399440115
1.4388777555110219
5.9144322204746382
1.4468937875751502
5.8829474477707588
1.4549098196392785
5.8537510272938933
1.4629258517034067
5.7860780448986215
1.4709418837675350
5.7747412520049464
1.4789579158316633
5.7255378350692583
1.4869739478957915
5.6988250819612887
1.4949899799599193
5.6808014433516023
1.5030060120240476
5.6271610852229417
1.5110220440881759
5.5982860667070371
1.5190380761523041
5.5492503059992977
1.5270541082164324
5.5082745809335432
1.5350701402805607
5.4701560687169399
1.5430861723446889
5.4595661303705665
1.5511022044088172
5.4305769311435528
1.5591182364729455
5.3819552361180083
1.5671342685370737
5.3472609683197154
1.5751503006012020
5.3122571304305373
1.5831663326653302
5.2646883145625631
1.5911823647294585
5.2551145301164137
1.5991983967935868
5.2177309963108573
1.6072144288577150
5.1847367971825031
1.6152304609218433
5.1535150417506728
1.6232464929859716
5.1151236118537646
1.6312625250500998
5.0714282027769304
1.6392785571142281
5.0446657784530311
1.6472945891783564
5.0185440454913586
1.6553106212424846
4.9902489551831941
1.6633266533066129
4.9561054411964935
1.6713426853707412
4.9376894998345353
1.6793587174348694
4.9032042705873655
1.6873747494989977
4.8923191340393624
1.6953907815631259
4.8386989737830204
1.7034068136272542
4.8004424844097500
1.7114228456913825
4.7465574965968589
1.7194388777555107
4.7149452892370016
1.7274549098196390
4.7036736807896613
1.7354709418837673
4.6636745102067882
1.7434869739478955
4.6401689461916895
1.7515030060120238
4.6194586717436623
1.7595190380761521
4.5772478185182788
1.7675350701402803
4.5398582322329135
1.7755511022044086
4.5171713752497915
1.7835671342685369
4.4847029434599364
1.7915831663326651
4.4274180021936793
1.7995991983967934
4.4077354130073569
1.8076152304609217
4.3942813622780710
1.8156312625250499
4.3348722315820849
1.8236472945891782
4.3344877480972412
1.8316633266533064
4.2759966096117488
1.8396793587174347
4.2567062702218363
1.8476953907815630
4.2305936567698561
1.8557114228456912
4.1850268423284041
1.8637274549098195
4.1771517455500939
1.8717434869739478
4.1318856915150723
1.8797595190380760
4.1081935439643917
1.8877755511022043
4.0753436421466214
1.8957915831663326
4.0384656218963446
1.9038076152304604
4.0055964837547275
1.9118236472945886
3.9914769670026886
1.9198396793587169
3.9565515568068639
1.9278557114228452
3.9282607620760963
1.9358717434869734
3.8978556889257407
1.9438877755511017
3.8643768719112770
1.9519038076152300
3.8418390976340384
1.9599198396793582
3.8113885371530141
1.9679358717434865
3.7779638936889999
1.9759519038076148
3.7554674574473754
1.9839679358717430
3.7087613613100010
1.9919839679358713
3.6993442558203129
2.0000000000000000
