5.0693036714033832
-2.0000000000000000
5.1450084755643726
-1.9919839679358717
5.2175468549019985
-1.9839679358717435
5.3319222384314564
-1.9759519038076152
5.4054852945995817
-1.9679358717434869
5.4981853104509009
-1.9599198396793587
5.5881366318094345
-1.9519038076152304
5.6663988061494930
-1.9438877755511021
5.7705498440428595
-1.9358717434869739
5.8511409825366441
-1.9278557114228456
5.9620570269338531
-1.9198396793587174
6.0334613108209281
-1.9118236472945891
6.1409500018504479
-1.9038076152304608
6.2180863836385107
-1.8957915831663326
6.3028695134076589
-1.8877755511022045
6.3917703820475129
-1.8797595190380763
6.5034584642664619
-1.8717434869739480
6.5942809580488007
-1.8637274549098197
6.7027353444789561
-1.8557114228456915
6.7709958111310069
-1.8476953907815632
6.8825556685473819
-1.8396793587174349
6.9578434030414327
-1.8316633266533067
7.0618237543590370
-1.8236472945891784
7.1745508818026336
-1.8156312625250501
7.2820895758488264
-1.8076152304609219
7.3211075357304010
-1.7995991983967936
7.4482042814883265
-1.7915831663326653
7.5247429748292545
-1.7835671342685371
7.6465370010366556
-1.7755511022044088
7.7157742624029462
-1.7675350701402806
7.8627885853867108
-1.7595190380761523
7.9670095732574335
-1.7515030060120240
8.0511468956596435
-1.7434869739478958
8.1091997305301646
-1.7354709418837675
8.2651634147238688
-1.7274549098196392
8.3868917702712498
-1.7194388777555110
8.4453929755294990
-1.7114228456913829
8.5029514202404055
-1.7034068136272547
8.6277569028402237
-1.6953907815631264
8.7470498120967157
-1.6873747494989981
8.8248168254767094
-1.6793587174348699
8.9422396748869080
-1.6713426853707416
9.0773626683009407
-1.6633266533066133
9.1444081353359259
-1.6553106212424851
9.2468875961602404
-1.6472945891783568
9.3437308177985656
-1.6392785571142285
9.5015796586883337
-1.6312625250501003
9.6064535539934290
-1.6232464929859720
9.7307018394887557
-1.6152304609218437
9.7444613201547252
-1.6072144288577155
9.8964908143685992
-1.5991983967935872
10.0308736443555606
-1.5911823647294590
10.1423489818533969
-1.5831663326653307
10.2315752837221225
-1.5751503006012024
10.3055643491767057
-1.5671342685370742
10.4568747573362710
-1.5591182364729459
10.5871196027977810
-1.5511022044088176
10.7027350811959607
-1.5430861723446894
10.7793281662116360
-1.5350701402805611
10.9195405663930352
-1.5270541082164328
11.0274073100810082
-1.5190380761523046
11.1500869299838605
-1.5110220440881763
11.2878746472508720
-1.5030060120240480
11.3047950474620773
-1.4949899799599198
11.4804249767142217
-1.4869739478957915
11.6083429929387680
-1.4789579158316633
11.7303687182591414
-1.4709418837675350
11.7508582775872661
-1.4629258517034067
11.9908275917829474
-1.4549098196392785
12.0632146371284730
-1.4468937875751502
12.2081858723368430
-1.4388777555110219
12.3698770406750747
-1.4308617234468939
12.4617557583079996
-1.4228456913827656
12.5425066506789431
-1.4148296593186374
12.6043500664778687
-1.4068136272545091
12.8355121324657251
-1.3987975951903808
12.8185064450501702
-1.3907815631262526
13.0337117067064749
-1.3827655310621243
13.1967298704259637
-1.3747494989979960
13.3207128250353843
-1.3667334669338678
13.3966138948011348
-1.3587174348697395
13.5018472540335885
-1.3507014028056112
13.6180912394120988
-1.3426853707414830
13.7025840582428486
-1.3346693386773547
13.8402805026783007
-1.3266533066132267
13.9462010186818510
-1.3186372745490984
14.1495181865865582
-1.3106212424849701
14.1259949587622557
-1.3026052104208419
14.3610261299745954
-1.2945891783567136
14.5008398789781356
-1.2865731462925853
14.6186529217751087
-1.2785571142284571
14.6445987412776830
-1.2705410821643288
14.8652956380240848
-1.2625250501002006
14.8994056670083097
-1.2545090180360723
15.0858273176112903
-1.2464929859719440
15.1599193220577213
-1.2384769539078158
15.2703556737836976
-1.2304609218436875
15.4025369756578154
-1.2224448897795592
15.4872598625570514
-1.2144288577154310
15.5680610215549002
-1.2064128256513027
15.6600441598334719
-1.1983967935871744
15.8856030152468168
-1.1903807615230462
16.0080448395362893
-1.1823647294589179
16.0309035803251518
-1.1743486973947896
16.2816265570755050
-1.1663326653306614
16.2987010874721783
-1.1583166332665331
16.4881721395702279
-1.1503006012024048
16.5946208289605543
-1.1422845691382766
16.8058608926973001
-1.1342685370741483
16.7943176096176927
-1.1262525050100201
16.9975426809020860
-1.1182364729458918
16.9883368449842678
-1.1102204408817635
17.2046542486646885
-1.1022044088176353
17.2176560835969390
-1.0941883767535070
17.4211857333251281
-1.0861723446893787
17.5109604374015753
-1.0781563126252505
17.6686369605964551
-1.0701402805611222
17.7576834369363397
-1.0621242484969939
17.8706441391850568
-1.0541082164328657
17.8812478430298256
-1.0460921843687374
18.0435231345286091
-1.0380761523046091
18.2763611800285766
-1.0300601202404809
18.2298956826495413
-1.0220440881763528
18.4460844081264064
-1.0140280561122246
18.5783441135859988
-1.0060120240480963
18.6244002496211820
-0.9979959919839680
18.7364207275851449
-0.9899799599198398
18.7180705135641610
-0.9819639278557115
19.0989046875750041
-0.9739478957915833
19.2604616706138358
-0.9659318637274550
19.2269147318957074
-0.9579158316633267
19.4177588316532805
-0.9498997995991985
19.4169737891007621
-0.9418837675350702
19.6561499127383250
-0.9338677354709419
19.7538885271525970
-0.9258517034068137
19.8253240706366114
-0.9178356713426854
19.9170799622661150
-0.9098196392785571
20.1115140780843795
-0.9018036072144289
20.1050622299464514
-0.8937875751503006
20.0380568144407434
-0.8857715430861723
20.4150805068886676
-0.8777555110220441
20.4773799280736561
-0.8697394789579160
20.4325006496002892
-0.8617234468937878
20.4310912623182048
-0.8537074148296595
20.6391960720631786
-0.8456913827655312
21.0533755770587376
-0.8376753507014030
21.0394716333612983
-0.8296593186372747
21.1631423808850201
-0.8216432865731464
21.1399788316475998
-0.8136272545090182
21.3017304054708276
-0.8056112224448899
21.6821390970606238
-0.7975951903807617
21.5745824948911995
-0.7895791583166334
21.6326047096955598
-0.7815631262525051
21.9076657577222420
-0.7735470941883769
21.7679364587273803
-0.7655310621242486
22.1300313572041070
-0.7575150300601203
22.1498341248273576
-0.7494989979959921
22.1513590132037699
-0.7414829659318638
22.4243846981243955
-0.7334669338677355
22.5354868550888980
-0.7254509018036073
22.5890782744828975
-0.7174348697394790
22.8074695571773169
-0.7094188376753507
22.8210100919132408
-0.7014028056112225
22.9460567857284552
-0.6933867735470942
22.8945940380780009
-0.6853707414829660
23.0012694886145255
-0.6773547094188377
23.4101051919070606
-0.6693386773547094
23.4613123236741323
-0.6613226452905814
23.4882368577961422
-0.6533066132264531
23.6767655947787645
-0.6452905811623248
23.5553309565647595
-0.6372745490981966
23.6503018774680278
-0.6292585170340683
23.8615848395828358
-0.6212424849699401
23.9728973635695652
-0.6132264529058118
23.9854444647517795
-0.6052104208416835
24.3251677109936111
-0.5971943887775553
24.2863533485797696
-0.5891783567134270
24.5822633594538047
-0.5811623246492987
24.3387720935582159
-0.5731462925851705
24.7117852722088678
-0.5651302605210422
25.1192936970250251
-0.5571142284569139
24.7270760264880920
-0.5490981963927857
25.1109390839367599
-0.5410821643286574
25.0630552366741064
-0.5330661322645291
25.2188892443018453
-0.5250501002004009
25.4182386682723980
-0.5170340681362726
25.2682777848731526
-0.5090180360721444
25.4860797079991173
-0.5010020040080161
25.7469847016539077
-0.4929859719438878
25.5208024148805706
-0.4849699398797596
25.7166055712126216
-0.4769539078156313
25.7304561473709867
-0.4689378757515030
25.9690805553462880
-0.4609218436873750
26.0392555571312165
-0.4529058116232467
26.1690906297850674
-0.4448897795591185
26.5905971968269945
-0.4368737474949902
26.3991188114670798
-0.4288577154308619
26.4157570011113627
-0.4208416833667337
26.6069558906292158
-0.4128256513026054
26.7216750675317094
-0.4048096192384771
26.9346153659676482
-0.3967935871743489
27.1297374259135893
-0.3887775551102206
26.7889478818616560
-0.3807615230460923
26.7828457936236823
-0.3727454909819641
27.0102945165425368
-0.3647294589178358
27.3030592031767121
-0.3567134268537075
27.4419350104569304
-0.3486973947895793
27.2954181775199416
-0.3406813627254510
27.3721161362552046
-0.3326653306613228
27.4061328294279889
-0.3246492985971945
27.5640875667916490
-0.3166332665330662
27.8032016602970486
-0.3086172344689380
27.6664376675249990
-0.3006012024048097
28.0971378921441719
-0.2925851703406814
27.8924866488789860
-0.2845691382765532
27.7216851479386435
-0.2765531062124249
28.0664611850422077
-0.2685370741482966
28.1483875909206915
-0.2605210420841684
28.3316498055652382
-0.2525050100200403
28.1024845769397693
-0.2444889779559121
27.9945718066786249
-0.2364729458917838
28.5109070276353087
-0.2284569138276555
28.2697192450653887
-0.2204408817635273
28.2486888849201776
-0.2124248496993990
28.6812363842337135
-0.2044088176352707
28.7334142632937173
-0.1963927855711425
28.7610720275152190
-0.1883767535070142
28.6874677586082854
-0.1803607214428860
28.6344986298313096
-0.1723446893787577
28.1217390117711972
-0.1643286573146294
28.3989522133759991
-0.1563126252505012
28.6872665205612556
-0.1482965931863729
28.8986534090778235
-0.1402805611222446
28.5470377685947270
-0.1322645290581164
28.9589944005012185
-0.1242484969939881
28.7056471512549720
-0.1162324649298598
29.2334788586833163
-0.1082164328657316
28.8314969944806059
-0.1002004008016033
28.7373912700661798
-0.0921843687374750
28.7727049012362350
-0.0841683366733468
29.1940742452493645
-0.0761523046092185
29.1609705531550460
-0.0681362725450902
28.6149576908694385
-0.0601202404809620
29.5106028629214450
-0.0521042084168337
29.1406602313784582
-0.0440881763527057
28.8374640774268194
-0.0360721442885774
28.9956472285686182
-0.0280561122244491
29.3602041242132614
-0.0200400801603209
29.0583792716993408
-0.0120240480961926
29.0593940615508437
-0.0040080160320644
29.0484439452566576
0.0040080160320639
28.8096657975523485
0.0120240480961922
29.0483492574444426
0.0200400801603204
29.0617021414734431
0.0280561122244487
28.7667505337316847
0.0360721442885770
29.0058119951545521
0.0440881763527052
29.0044351268223934
0.0521042084168335
29.0580157593189874
0.0601202404809618
29.0397591077724613
0.0681362725450900
29.0056405143573883
0.0761523046092183
28.9138027357597203
0.0841683366733466
28.8252365644337871
0.0921843687374748
28.7503774081018690
0.1002004008016031
28.8072006353487673
0.1082164328657313
28.8525707990805351
0.1162324649298596
28.8869894035649608
0.1242484969939879
28.8757394084497960
0.1322645290581161
28.4938276177164482
0.1402805611222444
28.7847598023693649
0.1482965931863727
28.5338554464361529
0.1563126252505009
28.8013451953671051
0.1643286573146292
28.6100913267867440
0.1723446893787575
28.3672611944384272
0.1803607214428857
28.6023177713135368
0.1883767535070140
28.3289216391061878
0.1963927855711423
28.3431493781107058
0.2044088176352705
28.2951139343377953
0.2124248496993988
28.3045807143115411
0.2204408817635271
28.5098264835549706
0.2284569138276553
28.3628441412728840
0.2364729458917836
27.9924507045475899
0.2444889779559118
28.3341670678385782
0.2525050100200401
28.2448228631951643
0.2605210420841679
28.1953770263814505
0.2685370741482962
27.9703024879864515
0.2765531062124245
27.8296993740052585
0.2845691382765527
28.0401528184716398
0.2925851703406810
27.7540092235718099
0.3006012024048093
27.7875572793340133
0.3086172344689375
27.6418435606421298
0.3166332665330658
27.8327007358713843
0.3246492985971940
27.5132499788697018
0.3326653306613223
27.4846968096061239
0.3406813627254506
27.4008722792915016
0.3486973947895788
27.1912868348781700
0.3567134268537071
27.1750671599220794
0.3647294589178354
26.9473918532504371
0.3727454909819636
26.8314673976593454
0.3807615230460919
26.8671065115268810
0.3887775551102202
26.7448931859843881
0.3967935871743484
26.7077828270039461
0.4048096192384767
26.6350103797421163
0.4128256513026050
26.7095186742784101
0.4208416833667332
26.2702802515960947
0.4288577154308615
26.1195867480738109
0.4368737474949898
26.1007640798457743
0.4448897795591180
26.6178588419387694
0.4529058116232463
26.1348488152235063
0.4609218436873745
25.9853274398186009
0.4689378757515028
25.7100489226351812
0.4769539078156311
25.7552253991166715
0.4849699398797593
25.7502812046541685
0.4929859719438876
25.5255521648497741
0.5010020040080159
25.5582391694926230
0.5090180360721441
25.3252153456195188
0.5170340681362724
25.0260952194902586
0.5250501002004007
25.1917907743500500
0.5330661322645289
25.0154845392645946
0.5410821643286572
25.0694804985340376
0.5490981963927855
24.6043071538828357
0.5571142284569137
24.4332365455414546
0.5651302605210420
24.4802490391047591
0.5731462925851702
24.2779413703692164
0.5811623246492985
24.3372817299524620
0.5891783567134268
24.4316465816237773
0.5971943887775550
24.0526244317740350
0.6052104208416833
23.9789079704321679
0.6132264529058116
23.8785549105516495
0.6212424849699398
23.6525251910635035
0.6292585170340681
23.5684531056159834
0.6372745490981964
23.6600745137033286
0.6452905811623246
23.4161178762373154
0.6533066132264529
23.3413589470609928
0.6613226452905812
23.2721842030837074
0.6693386773547090
23.0997514735993086
0.6773547094188372
22.7300534095359374
0.6853707414829655
22.7446002010408499
0.6933867735470938
22.7136310953369751
0.7014028056112220
22.7013537737392994
0.7094188376753503
22.7567219043793330
0.7174348697394786
22.5102523149913445
0.7254509018036068
22.2561161183534182
0.7334669338677351
22.3800673758064406
0.7414829659318634
21.8900478851221294
0.7494989979959916
21.9560189162250801
0.7575150300601199
21.7364375603997395
0.7655310621242482
21.7200607831682966
0.7735470941883764
21.6422817347421912
0.7815631262525047
21.7204461665319428
0.7895791583166329
21.2707687195132387
0.7975951903807612
21.3434775780912496
0.8056112224448895
21.4263382876459900
0.8136272545090177
21.1603568065115120
0.8216432865731460
21.0907043306678581
0.8296593186372743
20.9318958899008294
0.8376753507014025
20.9746787722949826
0.8456913827655308
20.6046050627044970
0.8537074148296591
20.5565807766287207
0.8617234468937873
20.5534110367117826
0.8697394789579156
20.3739582264711814
0.8777555110220439
20.1669392253141737
0.8857715430861721
19.9901861743096845
0.8937875751503004
19.9918651731728154
0.9018036072144286
20.1161741388528732
0.9098196392785569
19.8141826953253926
0.9178356713426852
19.8264245935961867
0.9258517034068134
19.5911899336575246
0.9338677354709417
19.4792340292807395
0.9418837675350700
19.2495997341456935
0.9498997995991982
19.3636347352634743
0.9579158316633265
19.2826526587073879
0.9659318637274548
19.0830876504932228
0.9739478957915830
18.9381299195394668
0.9819639278557113
18.8842268243788034
0.9899799599198396
18.6427135801911419
0.9979959919839678
18.6082673925282336
1.0060120240480961
18.3558751668287528
1.0140280561122244
18.2998141546137454
1.0220440881763526
18.1136222372500910
1.0300601202404809
18.0936543949325532
1.0380761523046091
17.9713964001361077
1.0460921843687374
17.8890729002623097
1.0541082164328657
17.7537549402023238
1.0621242484969939
17.7201543094451637
1.0701402805611222
17.4828650988820087
1.0781563126252500
17.4067925380584931
1.0861723446893783
17.3881635963996288
1.0941883767535066
17.1596686150662272
1.1022044088176348
17.0972176280604877
1.1102204408817631
17.0245387765038565
1.1182364729458913
16.8625211868081379
1.1262525050100196
16.7380155612073303
1.1342685370741479
16.6883397057515133
1.1422845691382761
16.3887516889207561
1.1503006012024044
16.1955135832553871
1.1583166332665327
16.2290243294208700
1.1663326653306609
16.2296602167158674
1.1743486973947892
16.0438906989549857
1.1823647294589175
15.8126073180100377
1.1903807615230457
15.7160842156491363
1.1983967935871740
15.6263863601851867
1.2064128256513023
15.6089863288152735
1.2144288577154305
15.4492730176496202
1.2224448897795588
15.2074733100183739
1.2304609218436870
15.2133566848433137
1.2384769539078153
15.1403937681549490
1.2464929859719436
14.9031791817467401
1.2545090180360718
14.8447198903538560
1.2625250501002001
14.6322936778624566
1.2705410821643284
14.6655447226244302
1.2785571142284566
14.4694155900112467
1.2865731462925849
14.2853383500511075
1.2945891783567132
14.2875300332302828
1.3026052104208414
14.1618255108565929
1.3106212424849697
14.0071224807836749
1.3186372745490980
13.8579199191150071
1.3266533066132262
13.5967128570774651
1.3346693386773545
13.6105441361474018
1.3426853707414828
13.5351334380451735
1.3507014028056110
13.3224216540427669
1.3587174348697393
13.2443191372226252
1.3667334669338675
13.1188520609710384
1.3747494989979958
13.1125057336667865
1.3827655310621241
12.8807210820013793
1.3907815631262523
12.8469137980647652
1.3987975951903806
12.6750671740518506
1.4068136272545089
12.6442097569955987
1.4148296593186371
12.3594059908716432
1.4228456913827654
12.3809350279618595
1.4308617234468937
12.1701814785024780
1.4388777555110219
12.1117079152146392
1.4468937875751502
11.9876156881073985
1.4549098196392785
11.8275526058214240
1.4629258517034067
11.7209023337685689
1.4709418837675350
11.6289396876631059
1.4789579158316633
11.5028261484673671
1.4869739478957915
11.4006922909556216
1.4949899799599193
11.2781978723242844
1.5030060120240476
11.1948112398074908
1.5110220440881759
11.0217209176894873
1.5190380761523041
10.9141300046642655
1.5270541082164324
10.7908463161925656
1.5350701402805607
10.7094445670220253
1.5430861723446889
10.6272966666229003
1.5511022044088172
10.4469400789828590
1.5591182364729455
10.3587420125174461
1.5671342685370737
10.2018309517333101
1.5751503006012020
10.1323363653266831
1.5831663326653302
9.9893509056473810
1.5911823647294585
9.9368956400915778
1.5991983967935868
9.7777736740241501
1.6072144288577150
9.7088037862780858
1.6152304609218433
9.6120736260832107
1.6232464929859716
9.4455860984532851
1.6312625250500998
9.3684489184985758
1.6392785571142281
9.2378718547341698
1.6472945891783564
9.1665435282092442
1.6553106212424846
9.0541832015176791
1.6633266533066129
8.9424557927074435
1.6713426853707412
8.8511937035906421
1.6793587174348694
8.7933950782787935
1.6873747494989977
8.6683878831993262
1.6953907815631259
8.5310594967231612
1.7034068136272542
8.4138826011659589
1.7114228456913825
8.3312844276144720
1.7194388777555107
8.2336907066465077
1.7274549098196390
8.1515431592296697
1.7354709418837673
8.0498621647528257
1.7434869739478955
7.9381516078962324
1.7515030060120238
7.8362808053615503
1.7595190380761521
7.7221020184277407
1.7675350701402803
7.6507123325581290
1.7755511022044086
7.5516894176225220
1.7835671342685369
7.4357711766078358
1.7915831663326651
7.3225185242451225
1.7995991983967934
7.2398513814271439
1.8076152304609217
7.1574746234123294
1.8156312625250499
7.0715405146433605
1.8236472945891782
6.9751497942605170
1.8316633266533064
6.8390064112675271
1.8396793587174347
6.7912838403838673
1.8476953907815630
6.6790833143335648
1.8557114228456912
6.5737866690041331
1.8637274549098195
6.5096666218002515
1.8717434869739478
6.3833050935260998
1.8797595190380760
6.2999627724411305
1.8877755511022043
6.2227739516502716
1.8957915831663326
6.1372582341927373
1.9038076152304604
6.0236501418062183
1.9118236472945886
5.9429450838084117
1.9198396793587169
5.8569127199036837
1.9278557114228452
5.7763078004185360
1.9358717434869734
5.6950265770501902
1.9438877755511017
5.5910816191016357
1.9519038076152300
5.4900175054690825
1.9599198396793582
5.3977241451431377
1.9679358717434865
5.3189805919189030
1.9759519038076148
5.2352918888323918
1.9839679358717430
5.1408859540050829
1.9919839679358713
5.0689112002414394
2.0000000000000000
